0.000000 0.000000
0.005001 0.027057
0.010003 0.011879
0.015004 -0.003142
0.020006 -0.009638
0.025007 -0.007562
0.030009 -0.001544
0.035010 0.005228
0.040012 0.010989
0.045013 0.013047
0.050015 0.009879
0.055016 0.004047
0.060018 -0.000277
0.065019 -0.001716
0.070021 -0.001612
0.075022 -0.001101
0.080024 -0.000276
0.085025 0.001041
0.090027 0.003399
0.095028 0.007089
0.100030 0.010102
0.105031 0.009008
0.110033 0.003803
0.115034 -0.000649
0.120036 -0.000291
0.125037 0.003342
0.130039 0.006084
0.135040 0.006408
0.140042 0.005536
0.145043 0.004846
0.150045 0.005652
0.155046 0.009131
0.160048 0.013717
0.165049 0.014750
0.170051 0.009688
0.175052 0.002161
0.180054 -0.001789
0.185055 -0.000205
0.190057 0.004088
0.195058 0.007337
0.200060 0.007137
0.205061 0.003211
0.210063 -0.001341
0.215064 -0.001749
0.220066 0.002811
0.225067 0.007488
0.230069 0.007927
0.235070 0.005498
0.240072 0.003836
0.245073 0.003098
0.250075 0.001008
0.255076 -0.002584
0.260078 -0.005566
0.265079 -0.006577
0.270081 -0.005603
0.275082 -0.003206
0.280084 -0.001300
0.285085 -0.002473
0.290087 -0.006169
0.295088 -0.007765
0.300090 -0.003847
0.305091 0.003484
0.310093 0.009170
0.315094 0.009884
0.320096 0.005371
0.325097 -0.001581
0.330099 -0.005325
0.335100 -0.001275
0.340102 0.008452
0.345103 0.016288
0.350105 0.017601
0.355106 0.014825
0.360108 0.012087
0.365109 0.009726
0.370111 0.006581
0.375112 0.004007
0.380114 0.004052
0.385115 0.006037
0.390117 0.008013
0.395118 0.009538
0.400120 0.010394
0.405121 0.008953
0.410123 0.004770
0.415124 0.000755
0.420126 0.000072
0.425127 0.002724
0.430129 0.006984
0.435130 0.011666
0.440132 0.015186
0.445133 0.015498
0.450135 0.013283
0.455136 0.012388
0.460138 0.014621
0.465139 0.016644
0.470141 0.014633
0.475142 0.009661
0.480144 0.005627
0.485145 0.004023
0.490147 0.003821
0.495148 0.004643
0.500150 0.006649
0.505151 0.008599
0.510153 0.009067
0.515154 0.008609
0.520156 0.008458
0.525157 0.008376
0.530159 0.007767
0.535160 0.007134
0.540162 0.006585
0.545163 0.005054
0.550165 0.002826
0.555166 0.002483
0.560168 0.005415
0.565169 0.009596
0.570171 0.012547
0.575172 0.014163
0.580174 0.014921
0.585175 0.014131
0.590177 0.012142
0.595178 0.011378
0.600180 0.012640
0.605181 0.013096
0.610183 0.010375
0.615184 0.006007
0.620186 0.002549
0.625187 0.000244
0.630189 -0.001063
0.635190 0.000242
0.640192 0.004699
0.645193 0.009125
0.650195 0.009918
0.655196 0.007306
0.660198 0.003929
0.665199 0.001220
0.670201 -0.000405
0.675202 -0.000055
0.680204 0.002063
0.685205 0.003501
0.690207 0.002583
0.695208 0.000775
0.700210 0.000158
0.705211 0.000883
0.710213 0.002804
0.715214 0.006694
0.720216 0.011796
0.725217 0.015071
0.730219 0.015086
0.735220 0.014018
0.740222 0.013738
0.745223 0.012834
0.750225 0.010005
0.755226 0.007564
0.760228 0.008430
0.765229 0.011862
0.770231 0.015109
0.775232 0.017290
0.780234 0.018788
0.785235 0.018909
0.790237 0.017172
0.795238 0.015259
0.800240 0.014785
0.805241 0.014662
0.810243 0.013241
0.815244 0.011337
0.820246 0.010609
0.825247 0.010810
0.830249 0.011074
0.835250 0.011813
0.840252 0.012838
0.845253 0.011919
0.850255 0.008133
0.855256 0.004566
0.860258 0.004570
0.865259 0.007056
0.870261 0.008592
0.875262 0.008349
0.880264 0.007789
0.885265 0.007442
0.890267 0.007286
0.895268 0.008250
0.900270 0.010149
0.905271 0.010360
0.910273 0.007521
0.915274 0.004183
0.920276 0.003169
0.925277 0.003944
0.930279 0.004902
0.935280 0.006231
0.940282 0.008051
0.945283 0.008706
0.950285 0.007480
0.955286 0.006351
0.960288 0.006717
0.965289 0.007261
0.970291 0.007277
0.975292 0.008814
0.980294 0.012865
0.985295 0.016563
0.990296 0.017007
0.995298 0.015036
1.000299 0.012719
1.005301 0.010172
1.010302 0.007619
1.015304 0.007412
1.020305 0.010681
1.025307 0.014504
1.030308 0.015465
1.035310 0.013785
1.040311 0.011313
1.045313 0.008123
1.050314 0.004240
1.055316 0.002393
1.060317 0.005397
1.065319 0.011960
1.070320 0.017749
1.075322 0.019406
1.080323 0.015867
1.085325 0.008279
1.090326 0.000845
1.095328 -0.001111
1.100329 0.003257
1.105331 0.008902
1.110332 0.011148
1.115334 0.010624
1.120335 0.010113
1.125337 0.010185
1.130338 0.010594
1.135340 0.012415
1.140341 0.015416
1.145343 0.016205
1.150344 0.012472
1.155346 0.006991
1.160347 0.004473
1.165349 0.006132
1.170350 0.009534
1.175352 0.011837
1.180353 0.011228
1.185355 0.007346
1.190356 0.002466
1.195358 0.000441
1.200359 0.002516
1.205361 0.005813
1.210362 0.007332
1.215364 0.007137
1.220365 0.006271
1.225367 0.004669
1.230368 0.003114
1.235370 0.003957
1.240371 0.007259
1.245373 0.009097
1.250374 0.006438
1.255376 0.001269
1.260377 -0.002524
1.265379 -0.003950
1.270380 -0.004298
1.275382 -0.004292
1.280383 -0.004235
1.285385 -0.004622
1.290386 -0.004531
1.295388 -0.001849
1.300389 0.002969
1.305391 0.006070
1.310392 0.005091
1.315394 0.002207
1.320395 0.000490
1.325397 0.000122
1.330398 0.000276
1.335400 0.001690
1.340401 0.004759
1.345403 0.007600
1.350404 0.008636
1.355406 0.008792
1.360407 0.009054
1.365409 0.008762
1.370410 0.008664
1.375412 0.012202
1.380413 0.020565
1.385415 0.029264
1.390416 0.032733
1.395418 0.030136
1.400419 0.024330
1.405421 0.017818
1.410422 0.012142
1.415424 0.008376
1.420425 0.005385
1.425427 -0.000078
1.430428 -0.009065
1.435430 -0.018370
1.440431 -0.024803
1.445433 -0.029057
1.450434 -0.033282
1.455436 -0.037318
1.460437 -0.039378
1.465439 -0.038035
1.470440 -0.031873
1.475442 -0.020308
1.480443 -0.007119
1.485445 -0.000277
1.490446 -0.005559
1.495448 -0.022222
1.500449 -0.046353
1.505451 -0.075563
1.510452 -0.108906
1.515454 -0.145650
1.520455 -0.186089
1.525457 -0.229884
1.530458 -0.270612
1.535460 -0.294499
1.540461 -0.287833
1.545463 -0.245102
1.550464 -0.169438
1.555466 -0.068692
1.560467 0.046125
1.565469 0.161646
1.570470 0.265950
1.575472 0.351529
1.580473 0.413351
1.585475 0.446558
1.590476 0.448507
1.595478 0.420823
1.600479 0.366963
1.605481 0.290148
1.610482 0.196939
1.615484 0.101362
1.620485 0.022422
1.625487 -0.022350
1.630488 -0.020891
1.635490 0.031116
1.640491 0.126635
1.645493 0.245766
1.650494 0.360521
1.655496 0.442509
1.660497 0.467920
1.665499 0.420634
1.670500 0.296520
1.675502 0.106993
1.680503 -0.120975
1.685505 -0.347461
1.690506 -0.526062
1.695508 -0.618466
1.700509 -0.611958
1.705511 -0.523846
1.710512 -0.385770
1.715514 -0.222046
1.720515 -0.041547
1.725517 0.153385
1.730518 0.351797
1.735520 0.523614
1.740521 0.621247
1.745523 0.597897
1.750524 0.435064
1.755526 0.158338
1.760527 -0.172342
1.765529 -0.488527
1.770530 -0.735749
1.775532 -0.883974
1.780533 -0.927427
1.785535 -0.875837
1.790536 -0.742404
1.795538 -0.538985
1.800539 -0.281928
1.805541 0.001535
1.810542 0.275136
1.815544 0.499723
1.820545 0.638235
1.825547 0.663397
1.830548 0.570807
1.835550 0.388061
1.840551 0.169924
1.845553 -0.017799
1.850554 -0.117981
1.855556 -0.102371
1.860557 0.013835
1.865559 0.176831
1.870560 0.323294
1.875562 0.415727
1.880563 0.458008
1.885565 0.482106
1.890566 0.517845
1.895568 0.565083
1.900569 0.585513
1.905571 0.522811
1.910572 0.341439
1.915574 0.056832
1.920575 -0.265388
1.925577 -0.538942
1.930578 -0.695846
1.935580 -0.716539
1.940581 -0.638313
1.945583 -0.534923
1.950584 -0.475896
1.955586 -0.490053
1.960587 -0.553670
1.965588 -0.604487
1.970590 -0.571551
1.975591 -0.410112
1.980593 -0.126796
1.985594 0.222572
1.990596 0.564112
1.995597 0.841987
2.000599 1.032270
2.005600 1.130767
2.010602 1.130817
2.015603 1.008907
2.020605 0.731171
2.025606 0.283381
2.030608 -0.295406
2.035609 -0.908243
2.040611 -1.434295
2.045612 -1.773249
2.050614 -1.867148
2.055615 -1.697014
2.060617 -1.274497
2.065618 -0.643297
2.070620 0.111183
2.075621 0.857532
2.080623 1.438619
2.085624 1.723742
2.090626 1.667439
2.095627 1.329458
2.100629 0.835584
2.105630 0.308739
2.110632 -0.178990
2.115633 -0.606475
2.120635 -0.966578
2.125636 -1.224822
2.130638 -1.307467
2.135639 -1.133779
2.140641 -0.674168
2.145642 0.007420
2.150644 0.758054
2.155645 1.385677
2.160647 1.729088
2.165648 1.718299
2.170650 1.398345
2.175651 0.901286
2.180653 0.380104
2.185654 -0.054535
2.190656 -0.359847
2.195657 -0.547189
2.200659 -0.650562
2.205660 -0.697576
2.210662 -0.694982
2.215663 -0.635648
2.220665 -0.521896
2.225666 -0.384125
2.230668 -0.275369
2.235669 -0.244148
2.240671 -0.304017
2.245672 -0.416748
2.250674 -0.500552
2.255675 -0.467417
2.260677 -0.273743
2.265678 0.050264
2.270680 0.415440
2.275681 0.720121
2.280683 0.895088
2.285684 0.924238
2.290686 0.837025
2.295687 0.679309
2.300689 0.479321
2.305690 0.233139
2.310692 -0.077835
2.315693 -0.451458
2.320695 -0.839194
2.325696 -1.149100
2.330698 -1.280050
2.335699 -1.173544
2.340701 -0.853173
2.345702 -0.420788
2.350704 -0.006330
2.355705 0.296092
2.360707 0.465569
2.365708 0.547484
2.370710 0.611366
2.375711 0.698417
2.380713 0.790706
2.385714 0.825472
2.390716 0.745448
2.395717 0.543734
2.400719 0.268319
2.405720 -0.008636
2.410722 -0.225874
2.415723 -0.351198
2.420725 -0.380907
2.425726 -0.327592
2.430728 -0.207380
2.435729 -0.038255
2.440731 0.151057
2.445732 0.317302
2.450734 0.414764
2.455735 0.414334
2.460737 0.314913
2.465738 0.143933
2.470740 -0.050697
2.475741 -0.218452
2.480743 -0.329358
2.485744 -0.385702
2.490746 -0.410586
2.495747 -0.423263
2.500749 -0.421794
2.505750 -0.383336
2.510752 -0.279678
2.515753 -0.101148
2.520755 0.123020
2.525756 0.324748
2.530758 0.424387
2.535759 0.369989
2.540761 0.164505
2.545762 -0.131037
2.550764 -0.416595
2.555765 -0.588059
2.560767 -0.576225
2.565768 -0.371786
2.570770 -0.025502
2.575771 0.370113
2.580773 0.706028
2.585774 0.886132
2.590776 0.859273
2.595777 0.640878
2.600779 0.308228
2.605780 -0.031727
2.610782 -0.287533
2.615783 -0.421257
2.620785 -0.458787
2.625786 -0.460997
2.630788 -0.471655
2.635789 -0.481813
2.640791 -0.438495
2.645792 -0.287647
2.650794 -0.019421
2.655795 0.309736
2.660797 0.590239
2.665798 0.706214
2.670800 0.593603
2.675801 0.274064
2.680803 -0.154264
2.685804 -0.556915
2.690806 -0.810642
2.695807 -0.844079
2.700809 -0.661681
2.705810 -0.338907
2.710812 0.012205
2.715813 0.287609
2.720815 0.423752
2.725816 0.411475
2.730818 0.293138
2.735819 0.142059
2.740821 0.028855
2.745822 -0.007724
2.750824 0.030830
2.755825 0.114768
2.760827 0.207073
2.765828 0.282793
2.770830 0.337296
2.775831 0.377131
2.780833 0.401020
2.785834 0.390590
2.790836 0.320717
2.795837 0.178183
2.800839 -0.026717
2.805840 -0.258220
2.810842 -0.460456
2.815843 -0.572288
2.820845 -0.549236
2.825846 -0.380176
2.830848 -0.091029
2.835849 0.259787
2.840851 0.590121
2.845852 0.811527
2.850854 0.855097
2.855855 0.693387
2.860857 0.347690
2.865858 -0.117498
2.870860 -0.606739
2.875861 -1.012180
2.880863 -1.238007
2.885864 -1.224007
2.890866 -0.961296
2.895867 -0.499408
2.900869 0.057140
2.905870 0.570070
2.910872 0.907014
2.915873 0.984360
2.920875 0.793353
2.925876 0.399988
2.930878 -0.080074
2.935879 -0.523157
2.940881 -0.838000
2.945882 -0.984115
2.950883 -0.963165
2.955885 -0.799897
2.960886 -0.530547
2.965888 -0.200064
2.970889 0.139858
2.975891 0.434801
2.980892 0.633225
2.985894 0.696162
2.990895 0.610087
2.995897 0.394417
3.000898 0.099548
3.005900 -0.198104
3.010901 -0.402566
3.015903 -0.418578
3.020904 -0.191631
3.025906 0.251353
3.030907 0.790536
3.035909 1.244575
3.040910 1.436001
3.045912 1.265738
3.050913 0.760568
3.055915 0.061782
3.060916 -0.642124
3.065918 -1.194474
3.070919 -1.512958
3.075921 -1.583178
3.080922 -1.424889
3.085924 -1.061150
3.090925 -0.512726
3.095927 0.177081
3.100928 0.908314
3.105930 1.518222
3.110931 1.823165
3.115933 1.691023
3.120934 1.105608
3.125936 0.191767
3.130937 -0.813178
3.135939 -1.637869
3.140940 -2.075367
3.145942 -2.051076
3.150943 -1.624799
3.155945 -0.938827
3.160946 -0.155751
3.165948 0.581563
3.170949 1.163877
3.175951 1.514473
3.180952 1.587130
3.185954 1.373054
3.190955 0.911075
3.195957 0.283500
3.200958 -0.407351
3.205960 -1.063334
3.210961 -1.596763
3.215963 -1.923934
3.220964 -1.966264
3.225966 -1.670485
3.230967 -1.041497
3.235969 -0.168997
3.240970 0.774968
3.245972 1.579356
3.250973 2.062667
3.255975 2.130415
3.260976 1.795806
3.265978 1.165360
3.270979 0.403081
3.275981 -0.316761
3.280982 -0.854846
3.285984 -1.130838
3.290985 -1.120983
3.295987 -0.846560
3.300988 -0.369676
3.305990 0.209123
3.310991 0.766406
3.315993 1.185706
3.320994 1.388429
3.325996 1.352009
3.330997 1.106627
3.335999 0.710187
3.341000 0.217715
3.346002 -0.329219
3.351003 -0.885719
3.356005 -1.381622
3.361006 -1.720559
3.366008 -1.803849
3.371009 -1.566345
3.376011 -1.010459
3.381012 -0.224842
3.386014 0.626083
3.391015 1.343434
3.396017 1.749818
3.401018 1.740245
3.406020 1.317346
3.411021 0.601225
3.416023 -0.200508
3.421024 -0.864311
3.426026 -1.235861
3.431027 -1.284471
3.436029 -1.097264
3.441030 -0.815845
3.446032 -0.549040
3.451033 -0.312986
3.456035 -0.039766
3.461036 0.348038
3.466038 0.849372
3.471039 1.348669
3.476041 1.661123
3.481042 1.634187
3.486044 1.243455
3.491045 0.620662
3.496047 -0.009586
3.501048 -0.446787
3.506050 -0.609668
3.511051 -0.554895
3.516053 -0.422223
3.521054 -0.348848
3.526056 -0.398955
3.531057 -0.540122
3.536059 -0.675115
3.541060 -0.705393
3.546062 -0.583110
3.551063 -0.324982
3.556065 0.003765
3.561066 0.313363
3.566068 0.512472
3.571069 0.532373
3.576071 0.349844
3.581072 0.000249
3.586074 -0.426040
3.591075 -0.809152
3.596077 -1.046348
3.601078 -1.098521
3.606080 -1.000640
3.611081 -0.822745
3.616083 -0.613144
3.621084 -0.372284
3.626086 -0.076526
3.631087 0.271710
3.636089 0.610722
3.641090 0.833915
3.646092 0.847823
3.651093 0.634356
3.656095 0.269439
3.661096 -0.118191
3.666098 -0.417101
3.671099 -0.580958
3.676101 -0.624223
3.681102 -0.575832
3.686104 -0.429631
3.691105 -0.133951
3.696107 0.362798
3.701108 1.039035
3.706110 1.758688
3.711111 2.302381
3.716113 2.457722
3.721114 2.116535
3.726116 1.328415
3.731117 0.285022
3.736119 -0.758363
3.741120 -1.583954
3.746122 -2.079937
3.751123 -2.245331
3.756125 -2.145978
3.761126 -1.860711
3.766128 -1.446409
3.771129 -0.930032
3.776131 -0.322827
3.781132 0.356225
3.786134 1.063440
3.791135 1.727163
3.796137 2.254553
3.801138 2.546433
3.806140 2.524074
3.811141 2.162897
3.816143 1.512078
3.821144 0.682189
3.826146 -0.193889
3.831147 -1.004149
3.836149 -1.682715
3.841150 -2.204861
3.846152 -2.555046
3.851153 -2.692574
3.856155 -2.548170
3.861156 -2.062783
3.866158 -1.244500
3.871159 -0.204990
3.876161 0.850221
3.881162 1.681329
3.886164 2.103615
3.891165 2.062387
3.896167 1.646523
3.901168 1.030966
3.906170 0.388680
3.911171 -0.172641
3.916173 -0.620636
3.921174 -0.961757
3.926176 -1.187608
3.931177 -1.243574
3.936178 -1.047809
3.941180 -0.552068
3.946181 0.198389
3.951183 1.047383
3.956184 1.764613
3.961186 2.122460
3.966187 1.985791
3.971189 1.376421
3.976190 0.473380
3.981192 -0.458750
3.986193 -1.174231
3.991195 -1.526190
3.996196 -1.489837
4.001198 -1.133398
4.006199 -0.563729
4.011201 0.119200
4.016202 0.833030
4.021204 1.491326
4.026205 1.981796
4.031207 2.177292
4.036208 1.982273
4.041210 1.386910
4.046211 0.492451
4.051213 -0.514883
4.056214 -1.434295
4.061216 -2.125147
4.066217 -2.538787
4.071219 -2.693390
4.076220 -2.622520
4.081222 -2.340986
4.086223 -1.847902
4.091225 -1.157847
4.096226 -0.336436
4.101228 0.486964
4.106229 1.148005
4.111231 1.509014
4.116232 1.516541
4.121234 1.219306
4.126235 0.740295
4.131237 0.221643
4.136238 -0.231695
4.141240 -0.583645
4.146241 -0.857145
4.151243 -1.091549
4.156244 -1.299709
4.161246 -1.450472
4.166247 -1.475330
4.171249 -1.286083
4.176250 -0.799804
4.181252 0.026457
4.186253 1.156090
4.191255 2.442769
4.196256 3.629280
4.201258 4.394399
4.206259 4.449960
4.211261 3.654439
4.216262 2.084848
4.221264 0.027007
4.226265 -2.108264
4.231267 -3.901809
4.236268 -5.031032
4.241270 -5.330020
4.246271 -4.790903
4.251273 -3.521767
4.256274 -1.699254
4.261276 0.455305
4.266277 2.679415
4.271279 4.674497
4.276280 6.129199
4.281282 6.767741
4.286283 6.420035
4.291285 5.089360
4.296286 2.976530
4.301288 0.439264
4.306289 -2.091207
4.311291 -4.197219
4.316292 -5.546937
4.321294 -5.950477
4.326295 -5.391799
4.331297 -4.023005
4.336298 -2.121141
4.341300 -0.023496
4.346301 1.939200
4.351303 3.495295
4.356304 4.459917
4.361306 4.740109
4.366307 4.330406
4.371309 3.306184
4.376310 1.811936
4.381312 0.047076
4.386313 -1.741573
4.391315 -3.267628
4.396316 -4.240077
4.401318 -4.437161
4.406319 -3.790476
4.411321 -2.431688
4.416322 -0.674523
4.421324 1.064021
4.426325 2.379457
4.431327 2.995909
4.436328 2.839496
4.441330 2.039738
4.446331 0.861611
4.451333 -0.399955
4.456334 -1.516584
4.461336 -2.369110
4.466337 -2.918850
4.471339 -3.139484
4.476340 -2.973480
4.481342 -2.353735
4.486343 -1.272880
4.491345 0.153520
4.496346 1.675174
4.501348 2.961262
4.506349 3.703454
4.511351 3.722938
4.516352 3.027989
4.521354 1.795774
4.526355 0.298724
4.531357 -1.179168
4.536358 -2.402558
4.541360 -3.213989
4.546361 -3.540662
4.551363 -3.389353
4.556364 -2.832671
4.561366 -1.981507
4.566367 -0.945875
4.571369 0.191534
4.576370 1.361290
4.581372 2.462617
4.586373 3.339861
4.591375 3.820490
4.596376 3.796576
4.601378 3.290042
4.606379 2.454229
4.611381 1.507231
4.616382 0.631242
4.621384 -0.105249
4.626385 -0.750670
4.631387 -1.392597
4.636388 -2.054178
4.641390 -2.641982
4.646391 -2.982394
4.651393 -2.919360
4.656394 -2.408339
4.661396 -1.548606
4.666397 -0.540490
4.671399 0.393317
4.676400 1.066828
4.681402 1.351193
4.686403 1.183362
4.691405 0.589652
4.696406 -0.289152
4.701408 -1.209554
4.706409 -1.894122
4.711411 -2.137522
4.716412 -1.898297
4.721414 -1.318343
4.726415 -0.644035
4.731417 -0.087894
4.736418 0.280182
4.741420 0.539552
4.746421 0.823688
4.751423 1.191848
4.756424 1.556025
4.761426 1.719967
4.766427 1.516563
4.771429 0.953314
4.776430 0.253785
4.781432 -0.249853
4.786433 -0.310440
4.791435 0.077244
4.796436 0.654770
4.801438 1.032260
4.806439 0.903759
4.811441 0.218929
4.816442 -0.796616
4.821444 -1.780680
4.826445 -2.431895
4.831447 -2.634621
4.836448 -2.450351
4.841450 -2.012510
4.846451 -1.414012
4.851453 -0.663810
4.856454 0.269977
4.861456 1.377969
4.866457 2.559220
4.871459 3.635692
4.876460 4.407476
4.881462 4.707028
4.886463 4.436298
4.891465 3.594141
4.896466 2.296890
4.901468 0.778978
4.906469 -0.645739
4.911471 -1.671355
4.916472 -2.115615
4.921473 -2.004930
4.926475 -1.563770
4.931476 -1.099416
4.936478 -0.850134
4.941479 -0.887754
4.946481 -1.118454
4.951482 -1.363031
4.956484 -1.466138
4.961485 -1.379534
4.966487 -1.177346
4.971488 -0.996511
4.976490 -0.940794
4.981491 -1.007907
4.986493 -1.082156
4.991494 -0.997269
4.996496 -0.635437
5.001497 -0.003301
5.006499 0.765215
5.011500 1.479317
5.016502 1.982468
5.021503 2.205651
5.026505 2.163847
5.031506 1.917211
5.036508 1.530570
5.041509 1.056017
5.046511 0.544385
5.051512 0.066269
5.056514 -0.288866
5.061515 -0.445511
5.066517 -0.380443
5.071518 -0.132744
5.076520 0.219591
5.081521 0.594133
5.086523 0.925416
5.091524 1.162654
5.096526 1.251857
5.101527 1.129728
5.106529 0.754873
5.111530 0.163298
5.116532 -0.505640
5.121533 -1.056278
5.126535 -1.340134
5.131536 -1.347612
5.136538 -1.221415
5.141539 -1.173845
5.146541 -1.352767
5.151542 -1.741528
5.156544 -2.163938
5.161545 -2.393577
5.166547 -2.289464
5.171548 -1.864954
5.176550 -1.252700
5.181551 -0.601953
5.186553 0.016360
5.191554 0.632151
5.196556 1.313610
5.201557 2.071492
5.206559 2.809429
5.211560 3.359152
5.216562 3.567304
5.221563 3.366681
5.226565 2.791899
5.231566 1.947266
5.236568 0.961555
5.241569 -0.038274
5.246571 -0.927097
5.251572 -1.578222
5.256574 -1.885845
5.261575 -1.812434
5.266577 -1.425158
5.271578 -0.887106
5.276580 -0.402940
5.281581 -0.145215
5.286583 -0.190772
5.291584 -0.491660
5.296586 -0.897964
5.301587 -1.228751
5.306589 -1.357374
5.311590 -1.266015
5.316592 -1.042793
5.321593 -0.824852
5.326595 -0.715800
5.331596 -0.721856
5.336598 -0.747289
5.341599 -0.655716
5.346601 -0.359668
5.351602 0.115730
5.356604 0.629197
5.361605 0.981967
5.366607 1.013783
5.371608 0.690283
5.376610 0.131303
5.381611 -0.442180
5.386613 -0.816068
5.391614 -0.886892
5.396616 -0.704683
5.401617 -0.430129
5.406619 -0.229244
5.411620 -0.171421
5.416622 -0.198457
5.421623 -0.179933
5.426625 -0.006638
5.431626 0.343520
5.436628 0.799056
5.441629 1.238253
5.446631 1.551859
5.451632 1.690856
5.456634 1.674231
5.461635 1.556848
5.466637 1.384064
5.471638 1.163215
5.476640 0.863999
5.481641 0.443797
5.486643 -0.112614
5.491644 -0.757279
5.496646 -1.370275
5.501647 -1.788253
5.506649 -1.858750
5.511650 -1.500200
5.516652 -0.751161
5.521653 0.210969
5.526655 1.105544
5.531656 1.641461
5.536658 1.629805
5.541659 1.060730
5.546661 0.110192
5.551662 -0.924534
5.556664 -1.737376
5.561665 -2.129296
5.566667 -2.070873
5.571668 -1.678466
5.576670 -1.123704
5.581671 -0.535225
5.586673 0.051591
5.591674 0.675090
5.596676 1.376331
5.601677 2.125140
5.606679 2.795619
5.611680 3.210794
5.616682 3.226959
5.621683 2.803608
5.626685 2.020380
5.631686 1.037874
5.636688 0.030584
5.641689 -0.865884
5.646691 -1.565478
5.651692 -2.010029
5.656694 -2.152889
5.661695 -1.973464
5.666697 -1.510499
5.671698 -0.880090
5.676700 -0.254712
5.681701 0.194870
5.686703 0.369233
5.691704 0.281946
5.696706 0.042832
5.701707 -0.209951
5.706709 -0.383753
5.711710 -0.464830
5.716712 -0.498957
5.721713 -0.541206
5.726715 -0.609537
5.731716 -0.670783
5.736718 -0.666636
5.741719 -0.557407
5.746721 -0.347260
5.751722 -0.075540
5.756724 0.207703
5.761725 0.457394
5.766727 0.636044
5.771728 0.713520
5.776730 0.670958
5.781731 0.509930
5.786733 0.264064
5.791734 0.001746
5.796736 -0.194243
5.801737 -0.266682
5.806739 -0.217055
5.811740 -0.105865
5.816742 -0.017683
5.821743 -0.011172
5.826745 -0.082838
5.831746 -0.168876
5.836748 -0.190145
5.841749 -0.112909
5.846751 0.021527
5.851752 0.124053
5.856754 0.120935
5.861755 0.006427
5.866757 -0.147969
5.871758 -0.230663
5.876760 -0.152466
5.881761 0.101972
5.886763 0.467132
5.891764 0.836978
5.896765 1.119819
5.901767 1.269660
5.906768 1.282553
5.911770 1.172676
5.916771 0.950578
5.921773 0.620762
5.926774 0.201405
5.931776 -0.252304
5.936777 -0.649053
5.941779 -0.894473
5.946780 -0.933135
5.951782 -0.769798
5.956783 -0.462201
5.961785 -0.097199
5.966786 0.236189
5.971788 0.466217
5.976789 0.543069
5.981791 0.433689
5.986792 0.123675
5.991794 -0.366082
5.996795 -0.963128
6.001797 -1.549444
6.006798 -1.994103
6.011800 -2.196784
6.016801 -2.119584
6.021803 -1.789641
6.026804 -1.271295
6.031806 -0.630418
6.036807 0.078047
6.041809 0.792929
6.046810 1.426508
6.051812 1.869427
6.056813 2.022783
6.061815 1.838822
6.066816 1.349877
6.071818 0.669494
6.076819 -0.041250
6.081821 -0.628204
6.086822 -0.987549
6.091824 -1.076565
6.096825 -0.899254
6.101827 -0.489368
6.106828 0.095538
6.111830 0.769913
6.116831 1.416004
6.121833 1.895327
6.126834 2.086234
6.131836 1.934732
6.136837 1.483659
6.141839 0.854890
6.146840 0.195438
6.151842 -0.377555
6.156843 -0.805559
6.161845 -1.084501
6.166846 -1.236443
6.171848 -1.276878
6.176849 -1.200653
6.181851 -0.994497
6.186852 -0.661591
6.191854 -0.238717
6.196855 0.201437
6.201857 0.563002
6.206858 0.754927
6.211860 0.726499
6.216861 0.490776
6.221863 0.120663
6.226864 -0.278572
6.231866 -0.605112
6.236867 -0.791885
6.241869 -0.823556
6.246870 -0.731554
6.251872 -0.569966
6.256873 -0.387356
6.261875 -0.208163
6.266876 -0.027175
6.271878 0.181933
6.276879 0.442642
6.281881 0.746682
6.286882 1.042618
6.291884 1.252718
6.296885 1.304714
6.301887 1.159160
6.306888 0.824440
6.311890 0.356300
6.316891 -0.162272
6.321893 -0.654318
6.326894 -1.073801
6.331896 -1.405915
6.336897 -1.649055
6.341899 -1.795997
6.346900 -1.824483
6.351902 -1.700247
6.356903 -1.394317
6.361905 -0.908638
6.366906 -0.293051
6.371908 0.358878
6.376909 0.931505
6.381911 1.316074
6.386912 1.440971
6.391914 1.294809
6.396915 0.928542
6.401917 0.433028
6.406918 -0.092530
6.411920 -0.563606
6.416921 -0.921842
6.421923 -1.139308
6.426924 -1.215351
6.431926 -1.166351
6.436927 -1.016115
6.441929 -0.793029
6.446930 -0.529912
6.451932 -0.261209
6.456933 -0.019500
6.461935 0.167012
6.466936 0.281055
6.471938 0.327307
6.476939 0.336230
6.481941 0.351927
6.486942 0.411404
6.491944 0.528479
6.496945 0.688091
6.501947 0.852568
6.506948 0.980392
6.511950 1.048507
6.516951 1.060679
6.521953 1.035308
6.526954 0.986500
6.531956 0.915334
6.536957 0.813578
6.541959 0.673322
6.546960 0.498638
6.551962 0.314180
6.556963 0.161596
6.561965 0.082611
6.566966 0.101109
6.571968 0.214687
6.576969 0.393696
6.581971 0.584586
6.586972 0.721546
6.591974 0.746728
6.596975 0.628387
6.601977 0.368096
6.606978 -0.000441
6.611980 -0.417530
6.616981 -0.811891
6.621983 -1.122183
6.626984 -1.313225
6.631986 -1.377688
6.636987 -1.328479
6.641989 -1.190108
6.646990 -0.989584
6.651992 -0.747797
6.656993 -0.478716
6.661995 -0.197963
6.666996 0.069590
6.671998 0.290448
6.676999 0.426538
6.682001 0.439020
6.687002 0.297707
6.692004 -0.002420
6.697005 -0.429872
6.702007 -0.921566
6.707008 -1.399821
6.712010 -1.791354
6.717011 -2.043618
6.722013 -2.134090
6.727014 -2.065494
6.732016 -1.849706
6.737017 -1.495710
6.742019 -1.011349
6.747020 -0.412806
6.752022 0.266706
6.757023 0.970290
6.762025 1.616431
6.767026 2.113386
6.772028 2.388139
6.777029 2.412136
6.782031 2.208258
6.787032 1.841384
6.792034 1.402095
6.797035 0.986632
6.802037 0.675051
6.807038 0.515058
6.812040 0.516637
6.817041 0.654716
6.822043 0.878168
6.827044 1.127166
6.832046 1.352455
6.837047 1.520853
6.842049 1.602911
6.847050 1.559853
6.852052 1.347904
6.857053 0.939167
6.862055 0.345635
6.867056 -0.366181
6.872058 -1.080645
6.877059 -1.664656
6.882060 -2.015342
6.887062 -2.097649
6.892063 -1.951725
6.897065 -1.671208
6.902066 -1.365345
6.907068 -1.118123
6.912069 -0.960202
6.917071 -0.869049
6.922072 -0.795409
6.927074 -0.694759
6.932075 -0.545536
6.937077 -0.353511
6.942078 -0.147279
6.947080 0.034895
6.952081 0.162420
6.957083 0.221733
6.962084 0.213400
6.967086 0.147284
6.972087 0.043460
6.977089 -0.067440
6.982090 -0.150892
6.987092 -0.176787
6.992093 -0.122752
6.997095 0.024235
7.002096 0.263103
7.007098 0.574307
7.012099 0.920263
7.017101 1.248019
7.022102 1.492824
7.027104 1.588855
7.032105 1.489224
7.037107 1.184195
7.042108 0.705948
7.047110 0.120605
7.052111 -0.486635
7.057113 -1.031192
7.062114 -1.448507
7.067116 -1.702339
7.072117 -1.779424
7.077119 -1.681390
7.082120 -1.422090
7.087122 -1.026904
7.092123 -0.531179
7.097125 0.018337
7.102126 0.560605
7.107128 1.026338
7.112129 1.355458
7.117131 1.512771
7.122132 1.489941
7.127134 1.297636
7.132135 0.958325
7.137137 0.504103
7.142138 -0.019308
7.147140 -0.542858
7.152141 -0.969657
7.157143 -1.193167
7.162144 -1.138215
7.167146 -0.798645
7.172147 -0.244467
7.177149 0.404146
7.182150 1.018626
7.187152 1.499493
7.192153 1.793870
7.197155 1.886444
7.202156 1.775154
7.207158 1.456236
7.212159 0.933437
7.217161 0.242195
7.222162 -0.532286
7.227164 -1.257991
7.232165 -1.785141
7.237167 -1.995342
7.242168 -1.848309
7.247170 -1.396819
7.252171 -0.761017
7.257173 -0.083537
7.262174 0.506710
7.267176 0.912714
7.272177 1.075440
7.277179 0.974707
7.282180 0.630014
7.287182 0.103850
7.292183 -0.500453
7.297185 -1.059722
7.302186 -1.467717
7.307188 -1.664616
7.312189 -1.643106
7.317191 -1.437926
7.322192 -1.111242
7.327194 -0.735542
7.332195 -0.375089
7.337197 -0.075364
7.342198 0.135139
7.347200 0.240894
7.352201 0.241906
7.357203 0.156859
7.362204 0.019113
7.367206 -0.130338
7.372207 -0.247328
7.377209 -0.290911
7.382210 -0.235980
7.387212 -0.084719
7.392213 0.132868
7.397215 0.369247
7.402216 0.575346
7.407218 0.719182
7.412219 0.800121
7.417221 0.846557
7.422222 0.894977
7.427224 0.965575
7.432225 1.050007
7.437227 1.113392
7.442228 1.107090
7.447230 0.990066
7.452231 0.749980
7.457233 0.409317
7.462234 0.013578
7.467236 -0.385279
7.472237 -0.739866
7.477239 -1.016002
7.482240 -1.201337
7.487242 -1.305600
7.492243 -1.347472
7.497245 -1.338362
7.502246 -1.275749
7.507248 -1.146468
7.512249 -0.935629
7.517251 -0.641545
7.522252 -0.291957
7.527254 0.053918
7.532255 0.325254
7.537257 0.467930
7.542258 0.463252
7.547260 0.332398
7.552261 0.128205
7.557263 -0.086113
7.562264 -0.263233
7.567266 -0.384251
7.572267 -0.449571
7.577269 -0.462261
7.582270 -0.419737
7.587272 -0.313833
7.592273 -0.134534
7.597275 0.120792
7.602276 0.435059
7.607278 0.769060
7.612279 1.075241
7.617281 1.315461
7.622282 1.468541
7.627284 1.528504
7.632285 1.500278
7.637287 1.392338
7.642288 1.207148
7.647290 0.940274
7.652291 0.593896
7.657293 0.192293
7.662294 -0.216096
7.667296 -0.570401
7.672297 -0.814674
7.677299 -0.916136
7.682300 -0.878333
7.687302 -0.738252
7.692303 -0.545617
7.697305 -0.340025
7.702306 -0.142103
7.707308 0.041784
7.712309 0.210569
7.717311 0.359469
7.722312 0.473202
7.727314 0.527376
7.732315 0.499400
7.737317 0.380514
7.742318 0.181635
7.747320 -0.065585
7.752321 -0.311375
7.757323 -0.498665
7.762324 -0.581728
7.767326 -0.542124
7.772327 -0.393278
7.777329 -0.175436
7.782330 0.054989
7.787332 0.241186
7.792333 0.342567
7.797335 0.342826
7.802336 0.247521
7.807338 0.079572
7.812339 -0.123228
7.817341 -0.315235
7.822342 -0.457237
7.827344 -0.527930
7.832345 -0.523722
7.837347 -0.452184
7.842348 -0.328165
7.847350 -0.171553
7.852351 -0.002965
7.857353 0.158405
7.862354 0.290920
7.867355 0.367100
7.872357 0.358483
7.877358 0.246967
7.882360 0.036347
7.887361 -0.240040
7.892363 -0.521007
7.897364 -0.734281
7.902366 -0.822798
7.907367 -0.763816
7.912369 -0.570886
7.917370 -0.284202
7.922372 0.042562
7.927373 0.357646
7.932375 0.625304
7.937376 0.828355
7.942378 0.957164
7.947379 0.999244
7.952381 0.942162
7.957382 0.784738
7.962384 0.544169
7.967385 0.255286
7.972387 -0.036033
7.977388 -0.285024
7.982390 -0.462341
7.987391 -0.561329
7.992393 -0.594012
7.997394 -0.582054
8.002396 -0.548636
8.007397 -0.510049
8.012399 -0.468349
8.017400 -0.413155
8.022402 -0.333938
8.027403 -0.230956
8.032405 -0.116023
8.037406 -0.008686
8.042408 0.065675
8.047409 0.080719
8.052411 0.021087
8.057412 -0.107521
8.062414 -0.280222
8.067415 -0.463280
8.072417 -0.623967
8.077418 -0.737942
8.082420 -0.793782
8.087421 -0.789884
8.092423 -0.724716
8.097424 -0.591759
8.102426 -0.385967
8.107427 -0.113928
8.112429 0.202028
8.117430 0.525082
8.122432 0.807423
8.127433 0.999249
8.132435 1.064290
8.137436 0.992771
8.142438 0.803264
8.147439 0.535678
8.152441 0.241223
8.157442 -0.029680
8.162444 -0.239360
8.167445 -0.367259
8.172447 -0.405137
8.177448 -0.352484
8.182450 -0.217826
8.187451 -0.019254
8.192453 0.220584
8.197454 0.478328
8.202456 0.728018
8.207457 0.941207
8.212459 1.094800
8.217460 1.178154
8.222462 1.190570
8.227463 1.134413
8.232465 1.013103
8.237466 0.832696
8.242468 0.601951
8.247469 0.332890
8.252471 0.043326
8.257472 -0.244974
8.262474 -0.514470
8.267475 -0.756175
8.272477 -0.963229
8.277478 -1.122233
8.282480 -1.213014
8.287481 -1.215439
8.292483 -1.117148
8.297484 -0.921781
8.302486 -0.656100
8.307487 -0.367564
8.312489 -0.109039
8.317490 0.079044
8.322492 0.177456
8.327493 0.187370
8.332495 0.124629
8.337496 0.010693
8.342498 -0.136262
8.347499 -0.302450
8.352501 -0.470879
8.357502 -0.615446
8.362504 -0.704582
8.367505 -0.710951
8.372507 -0.621629
8.377508 -0.447476
8.382510 -0.226418
8.387511 -0.011075
8.392513 0.156922
8.397514 0.266804
8.402516 0.337525
8.407517 0.400404
8.412519 0.479503
8.417520 0.577631
8.422522 0.672524
8.427523 0.727977
8.432525 0.715150
8.437526 0.627601
8.442528 0.479493
8.447529 0.294165
8.452531 0.094968
8.457532 -0.100004
8.462534 -0.281632
8.467535 -0.448375
8.472537 -0.598022
8.477538 -0.721194
8.482540 -0.804014
8.487541 -0.834833
8.492543 -0.807456
8.497544 -0.722483
8.502546 -0.590027
8.507547 -0.429752
8.512549 -0.264893
8.517550 -0.115466
8.522552 0.004103
8.527553 0.085775
8.532555 0.130050
8.537556 0.145563
8.542558 0.143788
8.547559 0.134380
8.552561 0.125527
8.557562 0.125793
8.562564 0.144168
8.567565 0.190738
8.572567 0.277271
8.577568 0.410737
8.582570 0.580716
8.587571 0.755266
8.592573 0.893853
8.597574 0.966136
8.602576 0.961501
8.607577 0.888149
8.612579 0.767393
8.617580 0.624116
8.622582 0.476072
8.627583 0.331136
8.632585 0.194818
8.637586 0.076996
8.642588 -0.009999
8.647589 -0.055997
8.652591 -0.054266
8.657592 -0.003168
8.662594 0.089561
8.667595 0.206085
8.672597 0.324127
8.677598 0.422300
8.682600 0.480695
8.687601 0.481768
8.692603 0.415340
8.697604 0.282866
8.702606 0.096586
8.707607 -0.123288
8.712609 -0.350955
8.717610 -0.560506
8.722612 -0.734050
8.727613 -0.863746
8.732615 -0.944665
8.737616 -0.968539
8.742618 -0.926620
8.747619 -0.816290
8.752621 -0.643966
8.757622 -0.425966
8.762624 -0.189309
8.767625 0.032967
8.772627 0.213377
8.777628 0.338273
8.782630 0.405226
8.787631 0.415898
8.792633 0.372779
8.797634 0.277989
8.802636 0.131769
8.807637 -0.063562
8.812639 -0.292850
8.817640 -0.522589
8.822642 -0.709849
8.827643 -0.817611
8.832645 -0.824223
8.837646 -0.726337
8.842647 -0.538980
8.847649 -0.289820
8.852650 -0.007046
8.857652 0.289204
8.862653 0.584325
8.867655 0.862316
8.872656 1.103673
8.877658 1.286433
8.882659 1.385915
8.887661 1.377150
8.892662 1.243948
8.897664 0.988159
8.902665 0.631502
8.907667 0.211914
8.912668 -0.221215
8.917670 -0.614249
8.922671 -0.919482
8.927673 -1.103154
8.932674 -1.148523
8.937676 -1.057625
8.942677 -0.853323
8.947679 -0.576693
8.952680 -0.276950
8.957682 0.000385
8.962683 0.220994
8.967685 0.365730
8.972686 0.431838
8.977688 0.427686
8.982689 0.362921
8.987691 0.244652
8.992692 0.083113
8.997694 -0.103331
9.002695 -0.291066
9.007697 -0.455849
9.012698 -0.573276
9.017700 -0.620469
9.022701 -0.584070
9.027703 -0.468370
9.032704 -0.295862
9.037706 -0.101558
9.042707 0.075717
9.047709 0.205560
9.052710 0.277161
9.057712 0.298344
9.062713 0.281626
9.067715 0.232452
9.072716 0.150962
9.077718 0.040762
9.082719 -0.086498
9.087721 -0.211751
9.092722 -0.311363
9.097724 -0.364000
9.102725 -0.360343
9.107727 -0.306477
9.112728 -0.216885
9.117730 -0.106303
9.122731 0.011699
9.127733 0.124128
9.132734 0.221014
9.137736 0.296238
9.142737 0.343954
9.147739 0.357514
9.152740 0.334387
9.157742 0.279190
9.162743 0.200253
9.167745 0.107211
9.172746 0.013683
9.177748 -0.063303
9.182749 -0.111507
9.187751 -0.129611
9.192752 -0.124233
9.197754 -0.104783
9.202755 -0.082565
9.207757 -0.068418
9.212758 -0.065052
9.217760 -0.062897
9.222761 -0.046649
9.227763 -0.005148
9.232764 0.065242
9.237766 0.162149
9.242767 0.278217
9.247769 0.403115
9.252770 0.528421
9.257772 0.650155
9.262773 0.765095
9.267775 0.866594
9.272776 0.945739
9.277778 0.993894
9.282779 1.001690
9.287781 0.958402
9.292782 0.856044
9.297784 0.693897
9.302785 0.479067
9.307787 0.226409
9.312788 -0.040191
9.317790 -0.290697
9.322791 -0.497828
9.327793 -0.643835
9.332794 -0.720099
9.337796 -0.725679
9.342797 -0.669606
9.347799 -0.572061
9.352800 -0.460355
9.357802 -0.363777
9.362803 -0.309927
9.367805 -0.318610
9.372806 -0.393367
9.377808 -0.518997
9.382809 -0.668846
9.387811 -0.814209
9.392812 -0.929273
9.397814 -0.994420
9.402815 -1.000350
9.407817 -0.948395
9.412818 -0.844797
9.417820 -0.695403
9.422821 -0.506440
9.427823 -0.288478
9.432824 -0.058747
9.437826 0.158674
9.442827 0.335806
9.447829 0.449720
9.452830 0.493368
9.457832 0.477468
9.462833 0.421297
9.467835 0.343137
9.472836 0.257559
9.477838 0.174427
9.482839 0.096071
9.487841 0.018909
9.492842 -0.057928
9.497844 -0.126413
9.502845 -0.173280
9.507847 -0.187865
9.512848 -0.166149
9.517850 -0.111267
9.522851 -0.032871
9.527853 0.056165
9.532854 0.144787
9.537856 0.224433
9.542857 0.284309
9.547859 0.309845
9.552860 0.289542
9.557862 0.223259
9.562863 0.124246
9.567865 0.016510
9.572866 -0.069604
9.577868 -0.105527
9.582869 -0.074646
9.587871 0.023872
9.592872 0.180120
9.597874 0.378448
9.602875 0.596603
9.607877 0.805681
9.612878 0.976831
9.617880 1.089084
9.622881 1.131925
9.627883 1.105320
9.632884 1.019973
9.637886 0.893664
9.642887 0.743245
9.647889 0.581163
9.652890 0.420341
9.657892 0.277906
9.662893 0.169963
9.667895 0.103530
9.672896 0.074101
9.677898 0.067313
9.682899 0.061140
9.687901 0.031894
9.692902 -0.034740
9.697904 -0.136623
9.702905 -0.259611
9.707907 -0.387653
9.712908 -0.508360
9.717910 -0.613502
9.722911 -0.698886
9.727913 -0.762891
9.732914 -0.802824
9.737916 -0.814641
9.742917 -0.799019
9.747919 -0.766417
9.752920 -0.733789
9.757922 -0.716438
9.762923 -0.722232
9.767925 -0.748815
9.772926 -0.782470
9.777928 -0.801844
9.782929 -0.787661
9.787931 -0.731193
9.792932 -0.635117
9.797934 -0.510023
9.802935 -0.371973
9.807937 -0.239241
9.812938 -0.125569
9.817940 -0.035147
9.822941 0.034877
9.827942 0.088560
9.832944 0.129240
9.837945 0.160136
9.842947 0.183108
9.847948 0.197903
9.852950 0.204648
9.857951 0.205091
9.862953 0.199767
9.867954 0.187225
9.872956 0.168840
9.877957 0.151780
9.882959 0.144338
9.887960 0.150126
9.892962 0.168784
9.897963 0.199719
9.902965 0.242590
9.907966 0.296232
9.912968 0.359166
9.917969 0.428841
9.922971 0.498673
9.927972 0.559272
9.932974 0.605986
9.937975 0.643170
9.942977 0.677745
9.947978 0.709636
9.952980 0.730773
9.957981 0.732017
9.962983 0.709765
9.967984 0.668726
9.972986 0.620472
9.977987 0.575837
9.982989 0.534734
9.987990 0.484068
9.992992 0.406775
9.997993 0.291138
10.002995 0.132214
10.007996 -0.068747
10.012998 -0.300746
10.017999 -0.541137
10.023001 -0.761310
10.028002 -0.934353
10.033004 -1.038541
10.038005 -1.060141
10.043007 -0.998311
10.048008 -0.866463
10.053010 -0.687164
10.058011 -0.486959
10.063013 -0.294830
10.068014 -0.138688
10.073016 -0.037325
10.078017 0.004413
10.083019 -0.008015
10.088020 -0.064513
10.093022 -0.151581
10.098023 -0.252814
10.103025 -0.352383
10.108026 -0.436617
10.113028 -0.491437
10.118029 -0.503152
10.123031 -0.465722
10.128032 -0.384901
10.133034 -0.272678
10.138035 -0.140089
10.143037 0.002946
10.148038 0.145209
10.153040 0.276254
10.158041 0.389950
10.163043 0.484589
10.168044 0.562606
10.173046 0.632200
10.178047 0.705070
10.183049 0.788097
10.188050 0.877952
10.193052 0.964646
10.198053 1.036659
10.203055 1.080326
10.208056 1.078677
10.213058 1.016710
10.218059 0.889170
10.223061 0.703699
10.228062 0.479401
10.233064 0.242646
10.238065 0.018705
10.243067 -0.177398
10.248068 -0.341601
10.253070 -0.472252
10.258071 -0.564170
10.263073 -0.613225
10.268074 -0.623961
10.273076 -0.609838
10.278077 -0.587421
10.283079 -0.571517
10.288080 -0.572121
10.293082 -0.591573
10.298083 -0.624648
10.303085 -0.662372
10.308086 -0.694422
10.313088 -0.708696
10.318089 -0.693618
10.323091 -0.643688
10.328092 -0.560796
10.333094 -0.449642
10.338095 -0.315886
10.343097 -0.170330
10.348098 -0.029960
10.353100 0.090130
10.358101 0.185590
10.363103 0.262658
10.368104 0.331315
10.373106 0.398638
10.378107 0.463593
10.383109 0.514466
10.388110 0.534717
10.393112 0.516318
10.398113 0.467808
10.403115 0.408736
10.408116 0.358479
10.413118 0.330097
10.418119 0.328092
10.423121 0.346185
10.428122 0.369366
10.433124 0.382581
10.438125 0.377305
10.443127 0.349315
10.448128 0.294220
10.453130 0.208268
10.458131 0.090965
10.463133 -0.055562
10.468134 -0.226887
10.473136 -0.412509
10.478137 -0.592878
10.483139 -0.742671
10.488140 -0.837422
10.493142 -0.859276
10.498143 -0.802895
10.503145 -0.680354
10.508146 -0.518060
10.513148 -0.345162
10.518149 -0.184410
10.523151 -0.052702
10.528152 0.035116
10.533154 0.067031
10.538155 0.037205
10.543157 -0.052105
10.548158 -0.188389
10.553160 -0.346719
10.558161 -0.493565
10.563163 -0.597074
10.568164 -0.634495
10.573166 -0.592344
10.578167 -0.466696
10.583169 -0.268016
10.588170 -0.022857
10.593172 0.233661
10.598173 0.468296
10.603175 0.655062
10.608176 0.777125
10.613178 0.829015
10.618179 0.816331
10.623181 0.751000
10.628182 0.647312
10.633184 0.522140
10.638185 0.394723
10.643187 0.282553
10.648188 0.197547
10.653190 0.146177
10.658191 0.130545
10.663193 0.147869
10.668194 0.191130
10.673196 0.252014
10.678197 0.322089
10.683199 0.391043
10.688200 0.446976
10.693202 0.480472
10.698203 0.486582
10.703205 0.462213
10.708206 0.405817
10.713208 0.322965
10.718209 0.229042
10.723211 0.141595
10.728212 0.069485
10.733214 0.010176
10.738215 -0.044587
10.743217 -0.101629
10.748218 -0.161139
10.753220 -0.214829
10.758221 -0.250070
10.763223 -0.257957
10.768224 -0.237293
10.773226 -0.191556
10.778227 -0.125839
10.783229 -0.048676
10.788230 0.026768
10.793232 0.087147
10.798233 0.123485
10.803235 0.129925
10.808236 0.101395
10.813237 0.036252
10.818239 -0.059549
10.823240 -0.172211
10.828242 -0.282311
10.833243 -0.367821
10.838245 -0.411282
10.843246 -0.409327
10.848248 -0.374229
10.853249 -0.324110
10.858251 -0.272667
10.863252 -0.227574
10.868254 -0.193738
10.873255 -0.175020
10.878257 -0.175500
10.883258 -0.201246
10.888260 -0.257704
10.893261 -0.342372
10.898263 -0.441773
10.903264 -0.537105
10.908266 -0.610769
10.913267 -0.647979
10.918269 -0.638737
10.923270 -0.583587
10.928272 -0.495966
10.933273 -0.395857
10.938275 -0.300858
10.943276 -0.221885
10.948278 -0.162631
10.953279 -0.120582
10.958281 -0.091012
10.963282 -0.071653
10.968284 -0.060899
10.973285 -0.050354
10.978287 -0.023243
10.983288 0.036569
10.988290 0.135261
10.993291 0.268293
10.998293 0.423436
11.003294 0.581858
11.008296 0.721814
11.013297 0.827760
11.018299 0.895857
11.023300 0.928728
11.028302 0.927269
11.033303 0.889731
11.038305 0.815673
11.043306 0.708119
11.048308 0.574751
11.053309 0.429655
11.058311 0.290826
11.063312 0.172170
11.068314 0.078202
11.073315 0.006385
11.078317 -0.049112
11.083318 -0.097103
11.088320 -0.147367
11.093321 -0.203964
11.098323 -0.261696
11.103324 -0.311448
11.108326 -0.347841
11.113327 -0.371456
11.118329 -0.387525
11.123330 -0.404490
11.128332 -0.430040
11.133333 -0.464971
11.138335 -0.502352
11.143336 -0.534250
11.148338 -0.557093
11.153339 -0.569928
11.158341 -0.572166
11.163342 -0.566209
11.168344 -0.558738
11.173345 -0.555561
11.178347 -0.556475
11.183348 -0.555876
11.188350 -0.544562
11.193351 -0.509640
11.198353 -0.438160
11.203354 -0.325885
11.208356 -0.181797
11.213357 -0.022887
11.218359 0.133255
11.223360 0.270940
11.228362 0.377506
11.233363 0.446595
11.238365 0.478773
11.243366 0.476775
11.248368 0.442323
11.253369 0.378806
11.258371 0.293350
11.263372 0.193798
11.268374 0.086786
11.273375 -0.019035
11.278377 -0.111260
11.283378 -0.178081
11.288380 -0.212555
11.293381 -0.211405
11.298383 -0.172935
11.303384 -0.098637
11.308386 0.005373
11.313387 0.130231
11.318389 0.264878
11.323390 0.393091
11.328392 0.493742
11.333393 0.547906
11.338395 0.545618
11.343396 0.486883
11.348398 0.381377
11.353399 0.249677
11.358401 0.119859
11.363402 0.016813
11.368404 -0.046654
11.373405 -0.068861
11.378407 -0.053213
11.383408 -0.005448
11.388410 0.066259
11.393411 0.152309
11.398413 0.242431
11.403414 0.324547
11.408416 0.385842
11.413417 0.417729
11.418419 0.418561
11.423420 0.390756
11.428422 0.338531
11.433423 0.269801
11.438425 0.195669
11.443426 0.123919
11.448428 0.054615
11.453429 -0.015788
11.458431 -0.088031
11.463432 -0.159193
11.468434 -0.225320
11.473435 -0.282437
11.478437 -0.326950
11.483438 -0.357216
11.488440 -0.373058
11.493441 -0.372376
11.498443 -0.351277
11.503444 -0.310462
11.508446 -0.259449
11.513447 -0.211681
11.518449 -0.177107
11.523450 -0.161286
11.528452 -0.168073
11.533453 -0.198769
11.538455 -0.250007
11.543456 -0.315642
11.548458 -0.389563
11.553459 -0.464462
11.558461 -0.529943
11.563462 -0.574556
11.568464 -0.588523
11.573465 -0.563947
11.578467 -0.496998
11.583468 -0.393926
11.588470 -0.272414
11.593471 -0.153010
11.598473 -0.049611
11.603474 0.031270
11.608476 0.086143
11.613477 0.113162
11.618479 0.113267
11.623480 0.090087
11.628482 0.050014
11.633483 0.003475
11.638485 -0.036927
11.643486 -0.062090
11.648488 -0.068378
11.653489 -0.052733
11.658491 -0.009599
11.663492 0.063828
11.668494 0.161282
11.673495 0.269170
11.678497 0.373134
11.683498 0.461284
11.688500 0.524162
11.693501 0.555528
11.698503 0.552667
11.703504 0.514707
11.708506 0.443311
11.713507 0.347300
11.718509 0.243654
11.723510 0.150870
11.728512 0.082342
11.733513 0.046165
11.738515 0.046651
11.743516 0.082485
11.748518 0.145157
11.753519 0.221448
11.758521 0.296614
11.763522 0.355527
11.768524 0.385168
11.773525 0.379507
11.778527 0.340898
11.783528 0.275965
11.788529 0.192770
11.793531 0.102478
11.798532 0.018845
11.803534 -0.047747
11.808535 -0.093987
11.813537 -0.119908
11.818538 -0.124793
11.823540 -0.109436
11.828541 -0.079931
11.833543 -0.046386
11.838544 -0.019164
11.843546 -0.007488
11.848547 -0.018608
11.853549 -0.055152
11.858550 -0.114167
11.863552 -0.189777
11.868553 -0.274810
11.873555 -0.359117
11.878556 -0.429554
11.883558 -0.474025
11.888559 -0.484596
11.893561 -0.457351
11.898562 -0.393716
11.903564 -0.303978
11.908565 -0.205772
11.913567 -0.115725
11.918568 -0.043562
11.923570 0.005745
11.928571 0.028899
11.933573 0.026291
11.938574 0.003607
11.943576 -0.031956
11.948577 -0.074859
11.953579 -0.118556
11.958580 -0.153295
11.963582 -0.170550
11.968583 -0.168594
11.973585 -0.152082
11.978586 -0.128658
11.983588 -0.107679
11.988589 -0.098300
11.993591 -0.104111
11.998592 -0.120036
12.003594 -0.136595
12.008595 -0.146335
12.013597 -0.145635
12.018598 -0.133816
12.023600 -0.113520
12.028601 -0.089610
12.033603 -0.064208
12.038604 -0.033720
12.043606 0.006875
12.048607 0.057850
12.053609 0.114233
12.058610 0.169202
12.063612 0.216358
12.068613 0.251902
12.073615 0.277771
12.078616 0.301209
12.083618 0.329222
12.088619 0.364422
12.093621 0.406311
12.098622 0.453310
12.103624 0.501853
12.108625 0.546098
12.113627 0.580147
12.118628 0.598505
12.123630 0.593976
12.128631 0.559153
12.133633 0.492393
12.138634 0.399753
12.143636 0.289856
12.148637 0.170362
12.153639 0.050463
12.158640 -0.058389
12.163642 -0.148094
12.168643 -0.217864
12.173645 -0.270351
12.178646 -0.306793
12.183648 -0.328673
12.188649 -0.341173
12.193651 -0.351220
12.198652 -0.363643
12.203654 -0.381559
12.208655 -0.407597
12.213657 -0.441292
12.218658 -0.477073
12.223660 -0.507631
12.228661 -0.528514
12.233663 -0.539157
12.238664 -0.542686
12.243666 -0.546203
12.248667 -0.557708
12.253669 -0.579245
12.258670 -0.603599
12.263672 -0.618503
12.268673 -0.612942
12.273675 -0.580307
12.278676 -0.519866
12.283678 -0.437317
12.288679 -0.341136
12.293681 -0.236164
12.298682 -0.122598
12.303684 -0.002122
12.308685 0.118224
12.313687 0.230100
12.318688 0.329050
12.323690 0.414493
12.328691 0.488145
12.333693 0.554227
12.338694 0.617632
12.343696 0.679334
12.348697 0.735767
12.353699 0.784141
12.358700 0.825679
12.363702 0.861969
12.368703 0.890813
12.373705 0.907652
12.378706 0.908816
12.383708 0.891848
12.388709 0.855536
12.393711 0.801934
12.398712 0.735618
12.403714 0.658102
12.408715 0.565107
12.413717 0.452195
12.418718 0.321607
12.423720 0.181984
12.428721 0.044142
12.433723 -0.081479
12.438724 -0.187983
12.443726 -0.276883
12.448727 -0.357412
12.453729 -0.437497
12.458730 -0.516593
12.463732 -0.588538
12.468733 -0.648021
12.473735 -0.692051
12.478736 -0.719201
12.483738 -0.731517
12.488739 -0.735053
12.493741 -0.735364
12.498742 -0.733615
12.503744 -0.728209
12.508745 -0.717827
12.513747 -0.701616
12.518748 -0.679053
12.523750 -0.650992
12.528751 -0.618140
12.533753 -0.577185
12.538754 -0.521797
12.543756 -0.449750
12.548757 -0.366280
12.553759 -0.278141
12.558760 -0.187029
12.563762 -0.091058
12.568763 0.010348
12.573765 0.115652
12.578766 0.221828
12.583768 0.321854
12.588769 0.404034
12.593771 0.458112
12.598772 0.481776
12.603774 0.479815
12.608775 0.459202
12.613777 0.426499
12.618778 0.386406
12.623780 0.339374
12.628781 0.282676
12.633783 0.216705
12.638784 0.148673
12.643786 0.088448
12.648787 0.042860
12.653789 0.014989
12.658790 0.005244
12.663792 0.010602
12.668793 0.025893
12.673795 0.049051
12.678796 0.083513
12.683798 0.133177
12.688799 0.196357
12.693801 0.265935
12.698802 0.333056
12.703804 0.388735
12.708805 0.424641
12.713807 0.436034
12.718808 0.423928
12.723810 0.393168
12.728811 0.349483
12.733813 0.298757
12.738814 0.246362
12.743816 0.195363
12.748817 0.147559
12.753819 0.107556
12.758820 0.082631
12.763822 0.076104
12.768823 0.082949
12.773824 0.093847
12.778826 0.101514
12.783827 0.101971
12.788829 0.093210
12.793830 0.075472
12.798832 0.050211
12.803833 0.015861
12.808835 -0.033024
12.813836 -0.099016
12.818838 -0.175329
12.823839 -0.248288
12.828841 -0.305093
12.833842 -0.338500
12.838844 -0.347846
12.843845 -0.338959
12.848847 -0.320718
12.853848 -0.298383
12.858850 -0.271208
12.863851 -0.237778
12.868853 -0.201261
12.873854 -0.168304
12.878856 -0.146167
12.883857 -0.142629
12.888859 -0.164230
12.893860 -0.210250
12.898862 -0.270128
12.903863 -0.329712
12.908865 -0.378795
12.913866 -0.411652
12.918868 -0.424539
12.923869 -0.416362
12.928871 -0.389230
12.933872 -0.345137
12.938874 -0.284049
12.943875 -0.207531
12.948877 -0.122013
12.953878 -0.036134
12.958880 0.043337
12.963881 0.111552
12.968883 0.165087
12.973884 0.204744
12.978886 0.236406
12.983887 0.265826
12.988889 0.294401
12.993890 0.322472
12.998892 0.354001
13.003893 0.394720
13.008895 0.447177
13.013896 0.509333
13.018898 0.575379
13.023899 0.635728
13.028901 0.678929
13.033902 0.696522
13.038904 0.684881
13.043905 0.641816
13.048907 0.565246
13.053908 0.457988
13.058910 0.330965
13.063911 0.198263
13.068913 0.070229
13.073914 -0.047230
13.078916 -0.149593
13.083917 -0.232999
13.088919 -0.294781
13.093920 -0.332198
13.098922 -0.342014
13.103923 -0.323526
13.108925 -0.281489
13.113926 -0.225480
13.118928 -0.168303
13.123929 -0.125239
13.128931 -0.110163
13.133932 -0.127792
13.138934 -0.170500
13.143935 -0.224852
13.148937 -0.279866
13.153938 -0.328237
13.158940 -0.363878
13.163941 -0.382250
13.168943 -0.381257
13.173944 -0.359378
13.178946 -0.315448
13.183947 -0.252908
13.188949 -0.181632
13.193950 -0.112472
13.198952 -0.051349
13.203953 0.000305
13.208955 0.042922
13.213956 0.079057
13.218958 0.112889
13.223959 0.146060
13.228961 0.175723
13.233962 0.198530
13.238964 0.213980
13.243965 0.221998
13.248967 0.220113
13.253968 0.205077
13.258970 0.174661
13.263971 0.126680
13.268973 0.060434
13.273974 -0.017703
13.278976 -0.092920
13.283977 -0.149540
13.288979 -0.179121
13.293980 -0.180875
13.298982 -0.158376
13.303983 -0.118616
13.308985 -0.070307
13.313986 -0.018265
13.318988 0.039415
13.323989 0.105421
13.328991 0.175397
13.333992 0.237942
13.338994 0.280748
13.343995 0.295425
13.348997 0.279729
13.353998 0.238940
13.359000 0.184104
13.364001 0.126143
13.369003 0.071357
13.374004 0.022094
13.379006 -0.021727
13.384007 -0.063201
13.389009 -0.106188
13.394010 -0.148739
13.399012 -0.181353
13.404013 -0.195200
13.409015 -0.190426
13.414016 -0.174386
13.419018 -0.154627
13.424019 -0.136202
13.429021 -0.122645
13.434022 -0.115298
13.439024 -0.112599
13.444025 -0.112937
13.449027 -0.117405
13.454028 -0.127890
13.459030 -0.143877
13.464031 -0.162642
13.469033 -0.180500
13.474034 -0.192507
13.479036 -0.193711
13.484037 -0.182487
13.489039 -0.160342
13.494040 -0.127508
13.499042 -0.082125
13.504043 -0.025603
13.509045 0.034265
13.514046 0.087796
13.519048 0.129070
13.524049 0.156431
13.529051 0.171365
13.534052 0.179378
13.539054 0.188541
13.544055 0.203584
13.549057 0.222796
13.554058 0.241948
13.559060 0.258019
13.564061 0.267451
13.569063 0.265236
13.574064 0.249347
13.579066 0.223428
13.584067 0.192398
13.589069 0.157855
13.594070 0.119720
13.599072 0.079075
13.604073 0.036415
13.609075 -0.010240
13.614076 -0.062132
13.619078 -0.116018
13.624079 -0.165828
13.629081 -0.206557
13.634082 -0.235354
13.639084 -0.252146
13.644085 -0.262094
13.649087 -0.274347
13.654088 -0.294209
13.659090 -0.317437
13.664091 -0.334317
13.669093 -0.337433
13.674094 -0.323841
13.679096 -0.293223
13.684097 -0.247593
13.689099 -0.190791
13.694100 -0.124890
13.699102 -0.048544
13.704103 0.038421
13.709105 0.130260
13.714106 0.216916
13.719108 0.287874
13.724109 0.333321
13.729111 0.346877
13.734112 0.332231
13.739114 0.304495
13.744115 0.280221
13.749117 0.266010
13.754118 0.257589
13.759119 0.246763
13.764121 0.227229
13.769122 0.197428
13.774124 0.161851
13.779125 0.128430
13.784127 0.102312
13.789128 0.082928
13.794130 0.067364
13.799131 0.053764
13.804133 0.040789
13.809134 0.027688
13.814136 0.017088
13.819137 0.014425
13.824139 0.021793
13.829140 0.034182
13.834142 0.043218
13.839143 0.042280
13.844145 0.027179
13.849146 -0.004034
13.854148 -0.048830
13.859149 -0.099852
13.864151 -0.149176
13.869152 -0.191519
13.874154 -0.222504
13.879155 -0.237151
13.884157 -0.232770
13.889158 -0.211436
13.894160 -0.177796
13.899161 -0.136749
13.904163 -0.095171
13.909164 -0.063098
13.914166 -0.049903
13.919167 -0.060037
13.924169 -0.093414
13.929170 -0.146737
13.934172 -0.212140
13.939173 -0.277966
13.944175 -0.334473
13.949176 -0.376981
13.954178 -0.401833
13.959179 -0.403427
13.964181 -0.378768
13.969182 -0.331790
13.974184 -0.269646
13.979185 -0.197096
13.984187 -0.117169
13.989188 -0.034086
13.994190 0.048108
13.999191 0.127530
14.004193 0.202200
14.009194 0.268563
14.014196 0.325260
14.019197 0.375426
14.024199 0.422036
14.029200 0.463354
14.034202 0.495266
14.039203 0.515003
14.044205 0.520085
14.049206 0.506964
14.054208 0.474102
14.059209 0.424341
14.064211 0.361625
14.069212 0.287469
14.074214 0.203322
14.079215 0.114169
14.084217 0.026631
14.089218 -0.055257
14.094220 -0.130465
14.099221 -0.199466
14.104223 -0.264310
14.109224 -0.327473
14.114226 -0.388121
14.119227 -0.442146
14.124229 -0.488415
14.129230 -0.531985
14.134232 -0.577814
14.139233 -0.623353
14.144235 -0.659676
14.149236 -0.677282
14.154238 -0.668858
14.159239 -0.630747
14.164241 -0.566455
14.169242 -0.486746
14.174244 -0.402142
14.179245 -0.315860
14.184247 -0.225732
14.189248 -0.130370
14.194250 -0.030917
14.199251 0.069852
14.204253 0.165871
14.209254 0.247399
14.214256 0.306835
14.219257 0.344899
14.224259 0.369385
14.229260 0.389710
14.234262 0.413791
14.239263 0.446068
14.244265 0.484738
14.249266 0.522960
14.254268 0.555569
14.259269 0.583082
14.264271 0.607748
14.269272 0.628551
14.274274 0.641997
14.279275 0.644560
14.284277 0.631723
14.289278 0.598226
14.294280 0.543499
14.299281 0.475108
14.304283 0.403316
14.309284 0.333411
14.314286 0.265240
14.319287 0.197439
14.324289 0.128938
14.329290 0.058225
14.334292 -0.015747
14.339293 -0.092554
14.344295 -0.171367
14.349296 -0.251040
14.354298 -0.327694
14.359299 -0.394750
14.364301 -0.447842
14.369302 -0.488004
14.374304 -0.517896
14.379305 -0.536571
14.384307 -0.539853
14.389308 -0.523763
14.394310 -0.485742
14.399311 -0.425206
14.404313 -0.345650
14.409314 -0.254661
14.414316 -0.160433
14.419317 -0.070473
14.424319 0.005707
14.429320 0.057455
14.434322 0.080425
14.439323 0.080847
14.444325 0.069574
14.449326 0.054010
14.454328 0.037414
14.459329 0.021822
14.464331 0.007921
14.469332 -0.004906
14.474334 -0.014704
14.479335 -0.015556
14.484337 -0.003378
14.489338 0.018800
14.494340 0.043549
14.499341 0.064067
14.504343 0.074213
14.509344 0.067749
14.514346 0.042229
14.519347 0.002302
14.524349 -0.043361
14.529350 -0.086749
14.534352 -0.121099
14.539353 -0.140921
14.544355 -0.145055
14.549356 -0.137628
14.554358 -0.123168
14.559359 -0.102448
14.564361 -0.074795
14.569362 -0.041774
14.574364 -0.006776
14.579365 0.025797
14.584367 0.048820
14.589368 0.053628
14.594370 0.036448
14.599371 0.002434
14.604373 -0.038057
14.609374 -0.075383
14.614376 -0.102702
14.619377 -0.116271
14.624379 -0.116620
14.629380 -0.107319
14.634382 -0.090493
14.639383 -0.065561
14.644385 -0.033811
14.649386 -0.001149
14.654388 0.025705
14.659389 0.043050
14.664391 0.049060
14.669392 0.042890
14.674394 0.027326
14.679395 0.008936
14.684397 -0.007096
14.689398 -0.019631
14.694400 -0.027118
14.699401 -0.024069
14.704403 -0.005240
14.709404 0.029016
14.714406 0.073899
14.719407 0.123235
14.724409 0.168341
14.729410 0.197809
14.734412 0.203885
14.739413 0.188805
14.744414 0.162657
14.749416 0.136538
14.754417 0.118957
14.759419 0.114861
14.764420 0.124055
14.769422 0.142200
14.774423 0.166376
14.779425 0.198411
14.784426 0.240548
14.789428 0.289637
14.794429 0.337910
14.799431 0.377529
14.804432 0.402018
14.809434 0.405621
14.814435 0.384869
14.819437 0.340503
14.824438 0.276705
14.829440 0.200195
14.834441 0.120860
14.839443 0.049574
14.844444 -0.007685
14.849446 -0.051951
14.854447 -0.086140
14.859449 -0.110391
14.864450 -0.123820
14.869452 -0.127341
14.874453 -0.122439
14.879455 -0.110293
14.884456 -0.094598
14.889458 -0.082354
14.894459 -0.079075
14.899461 -0.085267
14.904462 -0.099647
14.909464 -0.123399
14.914465 -0.158512
14.919467 -0.203543
14.924468 -0.253287
14.929470 -0.301062
14.934471 -0.339413
14.939473 -0.361220
14.944474 -0.363769
14.949476 -0.350813
14.954477 -0.328073
14.959479 -0.297807
14.964480 -0.259641
14.969482 -0.214511
14.974483 -0.165147
14.979485 -0.114871
14.984486 -0.068945
14.989488 -0.035029
14.994489 -0.018808
14.999491 -0.019918
15.004492 -0.033672
15.009494 -0.054419
15.014495 -0.075677
15.019497 -0.091175
15.024498 -0.099251
15.029500 -0.103320
15.034501 -0.105439
15.039503 -0.102755
15.044504 -0.092612
15.049506 -0.077327
15.054507 -0.060886
15.059509 -0.043914
15.064510 -0.024510
15.069512 -0.001371
15.074513 0.025960
15.079515 0.056420
15.084516 0.084235
15.089518 0.099447
15.094519 0.094955
15.099521 0.071573
15.104522 0.034710
15.109524 -0.010904
15.114525 -0.060906
15.119527 -0.109248
15.124528 -0.150296
15.129530 -0.180744
15.134531 -0.196263
15.139533 -0.189074
15.144534 -0.153097
15.149536 -0.090216
15.154537 -0.008897
15.159539 0.081023
15.164540 0.169643
15.169542 0.246633
15.174543 0.304161
15.179545 0.339395
15.184546 0.352108
15.189548 0.342045
15.194549 0.311019
15.199551 0.265197
15.204552 0.212682
15.209554 0.161066
15.214555 0.119375
15.219557 0.098651
15.224558 0.106322
15.229560 0.141191
15.234561 0.195708
15.239563 0.260187
15.244564 0.322786
15.249566 0.369761
15.254567 0.390548
15.259569 0.381839
15.264570 0.345219
15.269572 0.283793
15.274573 0.203277
15.279575 0.112825
15.284576 0.021236
15.289578 -0.065857
15.294579 -0.143719
15.299581 -0.207553
15.304582 -0.256574
15.309584 -0.294987
15.314585 -0.324964
15.319587 -0.341401
15.324588 -0.337186
15.329590 -0.311553
15.334591 -0.270708
15.339593 -0.223222
15.344594 -0.177931
15.349596 -0.143015
15.354597 -0.122170
15.359599 -0.112151
15.364600 -0.106574
15.369602 -0.100865
15.374603 -0.091996
15.379605 -0.076676
15.384606 -0.053289
15.389608 -0.023563
15.394609 0.010826
15.399611 0.051414
15.404612 0.099737
15.409614 0.152846
15.414615 0.204674
15.419617 0.249847
15.424618 0.283764
15.429620 0.301731
15.434621 0.301381
15.439623 0.284214
15.444624 0.252161
15.449626 0.204888
15.454627 0.143483
15.459629 0.075045
15.464630 0.011005
15.469632 -0.037701
15.474633 -0.062856
15.479635 -0.060767
15.484636 -0.036169
15.489638 -0.002491
15.494639 0.025532
15.499641 0.039488
15.504642 0.037260
15.509644 0.019252
15.514645 -0.012227
15.519647 -0.052541
15.524648 -0.097729
15.529650 -0.147044
15.534651 -0.200146
15.539653 -0.253467
15.544654 -0.301906
15.549656 -0.342397
15.554657 -0.373134
15.559659 -0.391121
15.564660 -0.394066
15.569662 -0.384277
15.574663 -0.367794
15.579665 -0.349468
15.584666 -0.330326
15.589668 -0.308546
15.594669 -0.280974
15.599671 -0.245015
15.604672 -0.201281
15.609674 -0.153288
15.614675 -0.103272
15.619677 -0.050436
15.624678 0.005321
15.629680 0.061004
15.634681 0.113927
15.639683 0.164145
15.644684 0.210561
15.649686 0.247813
15.654687 0.270996
15.659689 0.281830
15.664690 0.287279
15.669692 0.293818
15.674693 0.305274
15.679695 0.323609
15.684696 0.348250
15.689698 0.375754
15.694699 0.402490
15.699701 0.426306
15.704702 0.443894
15.709704 0.449313
15.714705 0.438210
15.719706 0.411699
15.724708 0.373802
15.729709 0.327633
15.734711 0.276386
15.739712 0.224798
15.744714 0.176398
15.749715 0.131556
15.754717 0.090484
15.759718 0.055305
15.764720 0.026526
15.769721 0.000228
15.774723 -0.028293
15.779724 -0.060510
15.784726 -0.097038
15.789727 -0.140986
15.794729 -0.194924
15.799730 -0.255980
15.804732 -0.316764
15.809733 -0.369413
15.814735 -0.406821
15.819736 -0.423475
15.824738 -0.419255
15.829739 -0.400866
15.834741 -0.376363
15.839742 -0.349580
15.844744 -0.321958
15.849745 -0.296927
15.854747 -0.278798
15.859748 -0.268893
15.864750 -0.265489
15.869751 -0.265549
15.874753 -0.264077
15.879754 -0.254654
15.884756 -0.234120
15.889757 -0.204935
15.894759 -0.170457
15.899760 -0.130412
15.904762 -0.083717
15.909763 -0.033081
15.914765 0.016272
15.919766 0.060488
15.924768 0.097299
15.929769 0.124750
15.934771 0.142699
15.939772 0.154021
15.944774 0.161981
15.949775 0.167971
15.954777 0.173351
15.959778 0.180565
15.964780 0.189678
15.969781 0.196333
15.974783 0.196178
15.979784 0.189436
15.984786 0.178782
15.989787 0.165334
15.994789 0.149575
15.999790 0.133768
16.004792 0.120307
16.009793 0.109390
16.014795 0.100429
16.019796 0.093177
16.024798 0.085217
16.029799 0.071521
16.034801 0.049469
16.039802 0.021483
16.044804 -0.010055
16.049805 -0.047086
16.054807 -0.091310
16.059808 -0.137598
16.064810 -0.175272
16.069811 -0.194153
16.074813 -0.187535
16.079814 -0.153072
16.084816 -0.094698
16.089817 -0.021700
16.094819 0.056966
16.099820 0.135966
16.104822 0.210518
16.109823 0.273928
16.114825 0.320622
16.119826 0.348587
16.124828 0.356337
16.129829 0.340744
16.134831 0.301538
16.139832 0.246369
16.144834 0.188253
16.149835 0.138438
16.154837 0.102939
16.159838 0.083969
16.164840 0.082153
16.169841 0.097787
16.174843 0.130809
16.179844 0.177988
16.184846 0.229078
16.189847 0.268186
16.194849 0.281801
16.199850 0.265487
16.204852 0.222595
16.209853 0.159158
16.214855 0.081607
16.219856 -0.003762
16.224858 -0.092436
16.229859 -0.181352
16.234861 -0.264577
16.239862 -0.331281
16.244864 -0.371036
16.249865 -0.380393
16.254867 -0.362795
16.259868 -0.324677
16.264870 -0.274692
16.269871 -0.224373
16.274873 -0.185037
16.279874 -0.163882
16.284876 -0.164494
16.289877 -0.188285
16.294879 -0.231660
16.299880 -0.283613
16.304882 -0.330064
16.309883 -0.360174
16.314885 -0.367206
16.319886 -0.346855
16.324888 -0.298731
16.329889 -0.227853
16.334891 -0.141906
16.339892 -0.048506
16.344894 0.043664
16.349895 0.124504
16.354897 0.186265
16.359898 0.226145
16.364900 0.244297
16.369901 0.242728
16.374903 0.227855
16.379904 0.209900
16.384906 0.195810
16.389907 0.184653
16.394909 0.172552
16.399910 0.159676
16.404912 0.149631
16.409913 0.144569
16.414915 0.144278
16.419916 0.147729
16.424918 0.151424
16.429919 0.147716
16.434921 0.128933
16.439922 0.093325
16.444924 0.045023
16.449925 -0.010345
16.454927 -0.067465
16.459928 -0.120720
16.464930 -0.165476
16.469931 -0.200126
16.474933 -0.225595
16.479934 -0.244165
16.484936 -0.259545
16.489937 -0.274922
16.494939 -0.288674
16.499940 -0.294856
16.504942 -0.290468
16.509943 -0.279330
16.514945 -0.266159
16.519946 -0.250447
16.524948 -0.230087
16.529949 -0.208085
16.534951 -0.191186
16.539952 -0.183166
16.544954 -0.182192
16.549955 -0.182338
16.554957 -0.174641
16.559958 -0.149612
16.564960 -0.103356
16.569961 -0.040829
16.574963 0.029176
16.579964 0.100710
16.584966 0.170446
16.589967 0.233908
16.594969 0.286001
16.599970 0.324263
16.604972 0.348927
16.609973 0.361408
16.614975 0.365103
16.619976 0.365203
16.624978 0.364392
16.629979 0.360294
16.634981 0.349559
16.639982 0.332544
16.644984 0.312118
16.649985 0.290202
16.654987 0.266990
16.659988 0.240517
16.664990 0.205313
16.669991 0.155883
16.674993 0.095773
16.679994 0.040478
16.684996 0.006107
16.689997 -0.004979
16.694999 -0.003876
16.700000 -0.001571
