0.000000 0.000000
0.005002 -0.000175
0.010003 -0.001426
0.015005 -0.002053
0.020006 -0.001907
0.025008 -0.001302
0.030009 -0.000596
0.035011 0.000029
0.040012 0.000421
0.045014 0.000353
0.050015 -0.000268
0.055017 -0.001122
0.060018 -0.001602
0.065020 -0.001308
0.070021 -0.000464
0.075023 0.000243
0.080024 0.000310
0.085026 -0.000132
0.090027 -0.000587
0.095029 -0.000807
0.100030 -0.000874
0.105032 -0.000752
0.110033 -0.000176
0.115035 0.000821
0.120036 0.001659
0.125038 0.001803
0.130039 0.001343
0.135041 0.000665
0.140042 -0.000131
0.145044 -0.001086
0.150045 -0.001854
0.155047 -0.001847
0.160048 -0.000951
0.165050 0.000214
0.170051 0.000899
0.175053 0.000866
0.180054 0.000286
0.185056 -0.000683
0.190057 -0.001876
0.195059 -0.002845
0.200060 -0.003029
0.205062 -0.002309
0.210063 -0.001239
0.215065 -0.000646
0.220066 -0.000974
0.225068 -0.001926
0.230069 -0.002742
0.235071 -0.002876
0.240072 -0.002409
0.245074 -0.001788
0.250075 -0.001335
0.255077 -0.001137
0.260078 -0.001187
0.265080 -0.001399
0.270081 -0.001568
0.275083 -0.001522
0.280084 -0.001253
0.285086 -0.000842
0.290087 -0.000352
0.295089 0.000088
0.300090 0.000278
0.305092 0.000141
0.310093 -0.000164
0.315095 -0.000409
0.320096 -0.000475
0.325098 -0.000326
0.330099 0.000027
0.335101 0.000381
0.340102 0.000330
0.345104 -0.000341
0.350105 -0.001291
0.355107 -0.001903
0.360108 -0.001951
0.365110 -0.001755
0.370112 -0.001651
0.375113 -0.001540
0.380115 -0.001081
0.385116 -0.000256
0.390118 0.000416
0.395119 0.000297
0.400121 -0.000727
0.405122 -0.002056
0.410124 -0.002907
0.415125 -0.003010
0.420127 -0.002679
0.425128 -0.002228
0.430130 -0.001586
0.435131 -0.000672
0.440133 0.000149
0.445134 0.000421
0.450136 0.000292
0.455137 0.000380
0.460139 0.000911
0.465140 0.001293
0.470142 0.000695
0.475143 -0.001106
0.480145 -0.003394
0.485146 -0.004904
0.490148 -0.004691
0.495149 -0.002962
0.500151 -0.001046
0.505152 -0.000274
0.510154 -0.000852
0.515155 -0.001904
0.520157 -0.002466
0.525158 -0.002222
0.530160 -0.001384
0.535161 -0.000260
0.540163 0.000893
0.545164 0.001865
0.550166 0.002550
0.555167 0.002885
0.560169 0.002689
0.565170 0.001799
0.570172 0.000424
0.575173 -0.000934
0.580175 -0.002071
0.585176 -0.003447
0.590178 -0.005797
0.595179 -0.009313
0.600181 -0.013118
0.605182 -0.015527
0.610184 -0.015094
0.615185 -0.011644
0.620187 -0.006222
0.625188 0.000086
0.630190 0.007187
0.635191 0.015609
0.640193 0.025006
0.645194 0.032886
0.650196 0.034717
0.655197 0.025964
0.660199 0.005670
0.665200 -0.020644
0.670202 -0.042173
0.675203 -0.048941
0.680205 -0.038664
0.685206 -0.018360
0.690208 0.001012
0.695209 0.012143
0.700211 0.014896
0.705212 0.013825
0.710214 0.013202
0.715215 0.014298
0.720217 0.016258
0.725219 0.017909
0.730220 0.017623
0.735222 0.012167
0.740223 -0.001713
0.745225 -0.022299
0.750226 -0.039774
0.755228 -0.040878
0.760229 -0.019775
0.765231 0.014174
0.770232 0.039958
0.775234 0.038536
0.780235 0.006669
0.785237 -0.039225
0.790238 -0.071883
0.795240 -0.068932
0.800241 -0.026276
0.805243 0.037986
0.810244 0.091501
0.815246 0.104713
0.820247 0.069074
0.825249 0.004983
0.830250 -0.048562
0.835252 -0.059034
0.840253 -0.023873
0.845255 0.025824
0.850256 0.046583
0.855258 0.014786
0.860259 -0.053938
0.865261 -0.113793
0.870262 -0.121056
0.875264 -0.065857
0.880265 0.020659
0.885267 0.089167
0.890268 0.107123
0.895270 0.079248
0.900271 0.039020
0.905273 0.019366
0.910274 0.026402
0.915276 0.036768
0.920277 0.019746
0.925279 -0.034333
0.930280 -0.102278
0.935282 -0.142091
0.940283 -0.122305
0.945285 -0.045297
0.950286 0.051619
0.955288 0.117957
0.960289 0.120683
0.965291 0.064288
0.970292 -0.012776
0.975294 -0.063602
0.980295 -0.063602
0.985297 -0.025143
0.990298 0.014719
0.995300 0.024271
1.000301 0.001488
1.005303 -0.026577
1.010304 -0.028142
1.015306 0.006031
1.020307 0.054737
1.025309 0.082777
1.030310 0.066757
1.035312 0.010184
1.040313 -0.060392
1.045315 -0.111580
1.050316 -0.120129
1.055318 -0.083259
1.060319 -0.019445
1.065321 0.041066
1.070322 0.072925
1.075324 0.070291
1.080325 0.048574
1.085327 0.030772
1.090329 0.028557
1.095330 0.033590
1.100332 0.026491
1.105333 -0.004230
1.110335 -0.049757
1.115336 -0.085757
1.120338 -0.090014
1.125339 -0.058257
1.130341 -0.006519
1.135342 0.039988
1.140344 0.062175
1.145345 0.056584
1.150347 0.034701
1.155348 0.013931
1.160350 0.005920
1.165351 0.009045
1.170353 0.009960
1.175354 -0.005889
1.180356 -0.041119
1.185357 -0.080228
1.190359 -0.096737
1.195360 -0.070897
1.200362 -0.006277
1.205363 0.068017
1.210365 0.113637
1.215366 0.107755
1.220368 0.058140
1.225369 -0.003261
1.230371 -0.043144
1.235372 -0.047856
1.240374 -0.027339
1.245375 -0.002557
1.250377 0.010078
1.255378 0.005635
1.260380 -0.011368
1.265381 -0.031516
1.270383 -0.044143
1.275384 -0.041474
1.280386 -0.023322
1.285387 0.001819
1.290389 0.022271
1.295390 0.031442
1.300392 0.031173
1.305393 0.027414
1.310395 0.023728
1.315396 0.019558
1.320398 0.013581
1.325399 0.006342
1.330401 -0.001421
1.335402 -0.011167
1.340404 -0.024420
1.345405 -0.037742
1.350407 -0.042343
1.355408 -0.031529
1.360410 -0.009047
1.365411 0.011454
1.370413 0.016860
1.375414 0.005520
1.380416 -0.011082
1.385417 -0.016726
1.390419 -0.001697
1.395420 0.030601
1.400422 0.064481
1.405423 0.079358
1.410425 0.061032
1.415426 0.011845
1.420428 -0.047392
1.425429 -0.087864
1.430431 -0.090613
1.435432 -0.058689
1.440434 -0.013227
1.445436 0.023417
1.450437 0.042498
1.455439 0.049360
1.460440 0.051641
1.465442 0.048578
1.470443 0.031905
1.475445 -0.003424
1.480446 -0.049384
1.485448 -0.085260
1.490449 -0.089103
1.495451 -0.052595
1.500452 0.010898
1.505454 0.071224
1.510455 0.097534
1.515457 0.076578
1.520458 0.021580
1.525460 -0.035190
1.530461 -0.062459
1.535463 -0.049198
1.540464 -0.009523
1.545466 0.029364
1.550467 0.045800
1.555469 0.035080
1.560470 0.007840
1.565472 -0.020175
1.570473 -0.038466
1.575475 -0.045927
1.580476 -0.047182
1.585478 -0.044723
1.590479 -0.034210
1.595481 -0.008351
1.600482 0.033301
1.605484 0.078306
1.610485 0.106304
1.615487 0.102001
1.620488 0.065522
1.625490 0.012002
1.630491 -0.038198
1.635493 -0.070262
1.640494 -0.079666
1.645496 -0.070402
1.650497 -0.050462
1.655499 -0.027618
1.660500 -0.006417
1.665502 0.012667
1.670503 0.030701
1.675505 0.045913
1.680506 0.052337
1.685508 0.044463
1.690509 0.023985
1.695511 0.000885
1.700512 -0.013707
1.705514 -0.016615
1.710515 -0.014798
1.715517 -0.018441
1.720518 -0.031520
1.725520 -0.048177
1.730521 -0.057090
1.735523 -0.049043
1.740524 -0.021935
1.745526 0.018370
1.750527 0.059486
1.755529 0.085389
1.760530 0.082173
1.765532 0.046404
1.770533 -0.009093
1.775535 -0.058775
1.780536 -0.078039
1.785538 -0.058739
1.790539 -0.015032
1.795541 0.025924
1.800542 0.042618
1.805544 0.033566
1.810546 0.016146
1.815547 0.010703
1.820549 0.023031
1.825550 0.039690
1.830552 0.039520
1.835553 0.011324
1.840555 -0.036245
1.845556 -0.079274
1.850558 -0.093479
1.855559 -0.069149
1.860561 -0.017075
1.865562 0.037676
1.870564 0.070333
1.875565 0.070637
1.880567 0.047430
1.885568 0.019883
1.890570 0.001628
1.895571 -0.008770
1.900573 -0.022049
1.905574 -0.043053
1.910576 -0.062293
1.915577 -0.063712
1.920579 -0.040661
1.925580 -0.003520
1.930582 0.028510
1.935583 0.042964
1.940585 0.042251
1.945586 0.037970
1.950588 0.038251
1.955589 0.040115
1.960591 0.032691
1.965592 0.007365
1.970594 -0.033417
1.975595 -0.074582
1.980597 -0.095273
1.985598 -0.080830
1.990600 -0.033135
1.995601 0.028069
2.000603 0.075216
2.005604 0.088202
2.010606 0.064496
2.015607 0.018052
2.020609 -0.030109
2.025610 -0.062000
2.030612 -0.068546
2.035613 -0.051104
2.040615 -0.019658
2.045616 0.012373
2.050618 0.035215
2.055619 0.046943
2.060621 0.050776
2.065622 0.047838
2.070624 0.033387
2.075625 0.001942
2.080627 -0.042897
2.085628 -0.084870
2.090630 -0.103761
2.095631 -0.089852
2.100633 -0.050930
2.105634 -0.005803
2.110636 0.028739
2.115637 0.046108
2.120639 0.049101
2.125640 0.044455
2.130642 0.038198
2.135643 0.033442
2.140645 0.030078
2.145646 0.026071
2.150648 0.019521
2.155649 0.009588
2.160651 -0.004557
2.165653 -0.024602
2.170654 -0.050813
2.175656 -0.077433
2.180657 -0.091212
2.185659 -0.077816
2.190660 -0.033506
2.195662 0.027626
2.200663 0.079100
2.205665 0.097933
2.210666 0.079067
2.215668 0.037446
2.220669 -0.002733
2.225671 -0.022729
2.230672 -0.018295
2.235674 0.000986
2.240675 0.019761
2.245677 0.026496
2.250678 0.018733
2.255680 0.001600
2.260681 -0.017910
2.265683 -0.035738
2.270684 -0.051308
2.275686 -0.064680
2.280687 -0.073781
2.285689 -0.074363
2.290690 -0.062427
2.295692 -0.036864
2.300693 -0.000388
2.305695 0.041144
2.310696 0.079746
2.315698 0.106148
2.320699 0.111683
2.325701 0.092019
2.330702 0.050944
2.335704 0.000914
2.340705 -0.040969
2.345707 -0.059634
2.350708 -0.048307
2.355710 -0.012071
2.360711 0.032773
2.365713 0.064289
2.370714 0.064187
2.375716 0.027141
2.380717 -0.034675
2.385719 -0.095192
2.390720 -0.125892
2.395722 -0.110070
2.400723 -0.052214
2.405725 0.023269
2.410726 0.083945
2.415728 0.105793
2.420729 0.085396
2.425731 0.040871
2.430732 0.000440
2.435734 -0.014635
2.440735 -0.001711
2.445737 0.024345
2.450738 0.042814
2.455740 0.039939
2.460741 0.014578
2.465743 -0.024544
2.470744 -0.065355
2.475746 -0.097663
2.480747 -0.115189
2.485749 -0.115261
2.490750 -0.097527
2.495752 -0.062663
2.500753 -0.012197
2.505755 0.049312
2.510756 0.110643
2.515758 0.153360
2.520759 0.158791
2.525761 0.120261
2.530763 0.050797
2.535764 -0.021963
2.540766 -0.070902
2.545767 -0.082922
2.550769 -0.062010
2.555770 -0.023415
2.560772 0.014007
2.565773 0.033762
2.570775 0.027352
2.575776 -0.000391
2.580778 -0.030973
2.585779 -0.041486
2.590781 -0.020081
2.595782 0.023895
2.600784 0.064919
2.605785 0.078753
2.610787 0.058395
2.615788 0.016488
2.620790 -0.025284
2.625791 -0.049550
2.630793 -0.050524
2.635794 -0.033820
2.640796 -0.011932
2.645797 0.001986
2.650799 0.000327
2.655800 -0.015321
2.660802 -0.035640
2.665803 -0.049813
2.670805 -0.052339
2.675806 -0.045371
2.680808 -0.035278
2.685809 -0.027060
2.690811 -0.021270
2.695812 -0.014573
2.700814 -0.002067
2.705815 0.020056
2.710817 0.051323
2.715818 0.084065
2.720820 0.103903
2.725821 0.096187
2.730823 0.056013
2.735824 -0.005199
2.740826 -0.062832
2.745827 -0.091725
2.750829 -0.081002
2.755830 -0.041078
2.760832 0.002693
2.765833 0.026166
2.770835 0.021332
2.775836 -0.000341
2.780838 -0.017805
2.785839 -0.015435
2.790841 0.007831
2.795842 0.040392
2.800844 0.067097
2.805845 0.077119
2.810847 0.065769
2.815848 0.032967
2.820850 -0.016218
2.825851 -0.068909
2.830853 -0.105571
2.835854 -0.108729
2.840856 -0.074377
2.845857 -0.016425
2.850859 0.040320
2.855860 0.073815
2.860862 0.075844
2.865863 0.054332
2.870865 0.026707
2.875866 0.008902
2.880868 0.006162
2.885869 0.010575
2.890871 0.007085
2.895873 -0.014598
2.900874 -0.049417
2.905876 -0.076454
2.910877 -0.071868
2.915879 -0.027871
2.920880 0.037103
2.925882 0.087226
2.930883 0.092562
2.935885 0.049760
2.940886 -0.015548
2.945888 -0.065877
2.950889 -0.074976
2.955891 -0.040666
2.960892 0.018318
2.965894 0.075068
2.970895 0.107140
2.975897 0.104189
2.980898 0.070318
2.985900 0.021246
2.990901 -0.023611
2.995903 -0.050944
3.000904 -0.058842
3.005906 -0.053766
3.010907 -0.042883
3.015909 -0.029757
3.020910 -0.016785
3.025912 -0.009342
3.030913 -0.014292
3.035915 -0.032302
3.040916 -0.051935
3.045918 -0.053946
3.050919 -0.025019
3.055921 0.029911
3.060922 0.088052
3.065924 0.122680
3.070925 0.119921
3.075927 0.086086
3.080928 0.041558
3.085930 0.007031
3.090931 -0.008400
3.095933 -0.010605
3.100934 -0.014327
3.105936 -0.031914
3.110937 -0.063879
3.115939 -0.097116
3.120940 -0.111962
3.125942 -0.093984
3.130943 -0.043827
3.135945 0.020671
3.140946 0.072207
3.145948 0.088276
3.150949 0.064052
3.155951 0.015753
3.160952 -0.028203
3.165954 -0.043173
3.170955 -0.021684
3.175957 0.023688
3.180958 0.068762
3.185960 0.091144
3.190961 0.080177
3.195963 0.039215
3.200964 -0.018247
3.205966 -0.074765
3.210967 -0.114792
3.215969 -0.129074
3.220970 -0.116720
3.225972 -0.084165
3.230973 -0.041617
3.235975 0.000925
3.240976 0.036255
3.245978 0.060947
3.250980 0.075388
3.255981 0.082941
3.260983 0.087648
3.265984 0.090669
3.270986 0.087554
3.275987 0.069497
3.280989 0.029513
3.285990 -0.030114
3.290992 -0.095397
3.295993 -0.146232
3.300995 -0.166390
3.305996 -0.150728
3.310998 -0.105509
3.315999 -0.043713
3.321001 0.020209
3.326002 0.073720
3.331004 0.108138
3.336005 0.119909
3.341007 0.110901
3.346008 0.087081
3.351010 0.055945
3.356011 0.024046
3.361013 -0.004108
3.366014 -0.025679
3.371016 -0.038765
3.376017 -0.042348
3.381019 -0.036882
3.386020 -0.024768
3.391022 -0.010211
3.396023 0.001584
3.401025 0.005932
3.406026 0.000525
3.411028 -0.013519
3.416029 -0.032370
3.421031 -0.051291
3.426032 -0.065744
3.431034 -0.071160
3.436035 -0.062643
3.441037 -0.036198
3.446038 0.008455
3.451040 0.065133
3.456041 0.120743
3.461043 0.158532
3.466044 0.164333
3.471046 0.132950
3.476047 0.071262
3.481049 -0.003886
3.486050 -0.072241
3.491052 -0.117902
3.496053 -0.134215
3.501055 -0.123627
3.506056 -0.093949
3.511058 -0.054749
3.516059 -0.016030
3.521061 0.012398
3.526062 0.023579
3.531064 0.017526
3.536065 0.002470
3.541067 -0.009550
3.546068 -0.010097
3.551070 0.001074
3.556071 0.017332
3.561073 0.030185
3.566074 0.033622
3.571076 0.025606
3.576077 0.007812
3.581079 -0.014732
3.586080 -0.034455
3.591082 -0.043833
3.596083 -0.039212
3.601085 -0.023088
3.606086 -0.002938
3.611088 0.012408
3.616090 0.016488
3.621091 0.007489
3.626093 -0.011191
3.631094 -0.032000
3.636096 -0.045729
3.641097 -0.044742
3.646099 -0.025930
3.651100 0.007351
3.656102 0.044875
3.661103 0.071827
3.666105 0.074677
3.671106 0.048986
3.676108 0.004215
3.681109 -0.039213
3.686111 -0.060368
3.691112 -0.049386
3.696114 -0.012277
3.701115 0.033862
3.706117 0.070847
3.711118 0.087412
3.716120 0.081406
3.721121 0.057612
3.726123 0.024412
3.731124 -0.009349
3.736126 -0.037359
3.741127 -0.057793
3.746129 -0.072581
3.751130 -0.083964
3.756132 -0.090705
3.761133 -0.087047
3.766135 -0.065889
3.771136 -0.024653
3.776138 0.030241
3.781139 0.084112
3.786141 0.120078
3.791142 0.126591
3.796144 0.102190
3.801145 0.055778
3.806147 0.003105
3.811148 -0.039193
3.816150 -0.060199
3.821151 -0.059255
3.826153 -0.045579
3.831154 -0.032449
3.836156 -0.029117
3.841157 -0.035552
3.846159 -0.043442
3.851160 -0.042741
3.856162 -0.028929
3.861163 -0.005699
3.866165 0.018379
3.871166 0.035972
3.876168 0.045034
3.881169 0.048192
3.886171 0.048629
3.891172 0.046039
3.896174 0.036002
3.901175 0.013716
3.906177 -0.020369
3.911178 -0.057747
3.916180 -0.085157
3.921181 -0.092242
3.926183 -0.077804
3.931184 -0.049918
3.936186 -0.020303
3.941187 0.002422
3.946189 0.016057
3.951190 0.023537
3.956192 0.029062
3.961193 0.034659
3.966195 0.039366
3.971197 0.041257
3.976198 0.040523
3.981200 0.040769
3.986201 0.046638
3.991203 0.058931
3.996204 0.071419
4.001206 0.073334
4.006207 0.056894
4.011209 0.024102
4.016210 -0.013053
4.021212 -0.039502
4.026213 -0.045949
4.031215 -0.033639
4.036216 -0.012613
4.041218 0.004507
4.046219 0.009121
4.051221 0.000322
4.056222 -0.015533
4.061224 -0.028609
4.066225 -0.030917
4.071227 -0.020794
4.076228 -0.004077
4.081230 0.009237
4.086231 0.011196
4.091233 0.000706
4.096234 -0.016570
4.101236 -0.032634
4.106237 -0.042075
4.111239 -0.044160
4.116240 -0.041482
4.121242 -0.036708
4.126243 -0.029850
4.131245 -0.018239
4.136246 0.000407
4.141248 0.024035
4.146249 0.044997
4.151251 0.053255
4.156252 0.042460
4.161254 0.014937
4.166255 -0.018044
4.171257 -0.041635
4.176258 -0.045599
4.181260 -0.030155
4.186261 -0.005437
4.191263 0.015075
4.196264 0.022645
4.201266 0.017696
4.206267 0.008291
4.211269 0.004215
4.216270 0.010730
4.221272 0.025932
4.226273 0.042817
4.231275 0.053835
4.236276 0.054440
4.241278 0.043834
4.246279 0.023770
4.251281 -0.002490
4.256282 -0.030036
4.261284 -0.052114
4.266285 -0.061699
4.271287 -0.055044
4.276288 -0.034839
4.281290 -0.009956
4.286291 0.008918
4.291293 0.015019
4.296294 0.008623
4.301296 -0.004380
4.306297 -0.016933
4.311299 -0.024904
4.316300 -0.028164
4.321302 -0.028459
4.326303 -0.026449
4.331305 -0.020972
4.336307 -0.011309
4.341308 0.000280
4.346310 0.009266
4.351311 0.012999
4.356313 0.014162
4.361314 0.019170
4.366316 0.031794
4.371317 0.047577
4.376319 0.054949
4.381320 0.043468
4.386322 0.012713
4.391323 -0.026133
4.396325 -0.057751
4.401326 -0.072618
4.406328 -0.071139
4.411329 -0.060021
4.416331 -0.045804
4.421332 -0.031245
4.426334 -0.016116
4.431335 -0.000186
4.436337 0.014580
4.441338 0.024099
4.446340 0.024299
4.451341 0.013930
4.456343 -0.003545
4.461344 -0.020301
4.466346 -0.027264
4.471347 -0.018770
4.476349 0.004404
4.481350 0.036105
4.486352 0.068774
4.491353 0.096318
4.496355 0.113876
4.501356 0.116566
4.506358 0.100254
4.511359 0.064417
4.516361 0.014380
4.521362 -0.039431
4.526364 -0.085130
4.531365 -0.113643
4.536367 -0.121001
4.541368 -0.107766
4.546370 -0.077097
4.551371 -0.033752
4.556373 0.015400
4.561374 0.060800
4.566376 0.091329
4.571377 0.097650
4.576379 0.076794
4.581380 0.035705
4.586382 -0.009279
4.591383 -0.038632
4.596385 -0.039327
4.601386 -0.012320
4.606388 0.027329
4.611389 0.058058
4.616391 0.062467
4.621392 0.035061
4.626394 -0.016455
4.631395 -0.076008
4.636397 -0.126755
4.641398 -0.157373
4.646400 -0.164527
4.651401 -0.151471
4.656403 -0.124339
4.661404 -0.088401
4.666406 -0.046467
4.671407 -0.000161
4.676409 0.047388
4.681410 0.090230
4.686412 0.121126
4.691414 0.134666
4.696415 0.129429
4.701417 0.108082
4.706418 0.076328
4.711420 0.041754
4.716421 0.012542
4.721423 -0.004424
4.726424 -0.005617
4.731426 0.007982
4.736427 0.031058
4.741429 0.054904
4.746430 0.068620
4.751432 0.061208
4.756433 0.025687
4.761435 -0.035357
4.766436 -0.106624
4.771438 -0.163955
4.776439 -0.185259
4.781441 -0.162122
4.786442 -0.103990
4.791444 -0.032063
4.796445 0.032487
4.801447 0.078019
4.806448 0.104209
4.811450 0.116746
4.816451 0.120259
4.821453 0.115085
4.826454 0.099430
4.831456 0.073838
4.836457 0.043533
4.841459 0.016577
4.846460 -0.000847
4.851462 -0.008732
4.856463 -0.013836
4.861465 -0.025163
4.866466 -0.046624
4.871468 -0.072258
4.876469 -0.088661
4.881471 -0.084230
4.886472 -0.059211
4.891474 -0.028806
4.896475 -0.015495
4.901477 -0.034365
4.906478 -0.081348
4.911480 -0.133299
4.916481 -0.160612
4.921483 -0.144125
4.926484 -0.085504
4.931486 -0.005469
4.936487 0.067928
4.941489 0.113599
4.946490 0.126572
4.951492 0.117612
4.956493 0.104001
4.961495 0.096936
4.966496 0.093349
4.971498 0.078093
4.976499 0.036024
4.981501 -0.033888
4.986502 -0.112904
4.991504 -0.170302
4.996505 -0.179774
5.001507 -0.133757
5.006508 -0.047449
5.011510 0.048442
5.016511 0.121302
5.021513 0.150116
5.026514 0.133332
5.031516 0.087518
5.036517 0.036889
5.041519 -0.000694
5.046520 -0.022158
5.051522 -0.036372
5.056524 -0.053074
5.061525 -0.073356
5.066527 -0.089534
5.071528 -0.093317
5.076530 -0.083742
5.081531 -0.067536
5.086533 -0.052642
5.091534 -0.041877
5.096536 -0.031988
5.101537 -0.017062
5.106539 0.007952
5.111540 0.045364
5.116542 0.093177
5.121543 0.143027
5.126545 0.179737
5.131546 0.185341
5.136548 0.147489
5.141549 0.067919
5.146551 -0.034696
5.151552 -0.130254
5.156554 -0.188778
5.161555 -0.192403
5.166557 -0.142527
5.171558 -0.059408
5.176560 0.026010
5.181561 0.085384
5.186563 0.105303
5.191564 0.091376
5.196566 0.061283
5.201567 0.031982
5.206569 0.010410
5.211570 -0.006910
5.216572 -0.027586
5.221573 -0.056506
5.226575 -0.092656
5.231576 -0.129719
5.236578 -0.158204
5.241579 -0.167512
5.246581 -0.148447
5.251582 -0.096996
5.256584 -0.018034
5.261585 0.074082
5.266587 0.159306
5.271588 0.217947
5.276590 0.235848
5.281591 0.207847
5.286593 0.140123
5.291594 0.050769
5.296596 -0.033709
5.301597 -0.087000
5.306599 -0.093911
5.311600 -0.057838
5.316602 0.000240
5.321603 0.051534
5.326605 0.072611
5.331606 0.054531
5.336608 0.004047
5.341609 -0.061218
5.346611 -0.119081
5.351612 -0.148158
5.356614 -0.132989
5.361615 -0.069723
5.366617 0.029523
5.371618 0.137233
5.376620 0.218110
5.381621 0.242037
5.386623 0.196894
5.391624 0.094534
5.396626 -0.033730
5.401627 -0.149894
5.406629 -0.223306
5.411631 -0.239240
5.416632 -0.199804
5.421634 -0.119486
5.426635 -0.019212
5.431637 0.078548
5.436638 0.153457
5.441640 0.190936
5.446641 0.185971
5.451643 0.145185
5.456644 0.084842
5.461646 0.024553
5.466647 -0.020870
5.471649 -0.047464
5.476650 -0.062486
5.481652 -0.078178
5.486653 -0.102344
5.491655 -0.132032
5.496656 -0.154911
5.501658 -0.157324
5.506659 -0.133274
5.511661 -0.088358
5.516662 -0.036758
5.521664 0.005891
5.526665 0.029110
5.531667 0.030778
5.536668 0.016968
5.541670 -0.000242
5.546671 -0.006554
5.551673 0.008896
5.556674 0.047448
5.561676 0.098213
5.566677 0.141967
5.571679 0.160236
5.576680 0.144112
5.581682 0.097845
5.586683 0.036503
5.591685 -0.019801
5.596686 -0.052359
5.601688 -0.049613
5.606689 -0.011058
5.611691 0.052308
5.616692 0.122106
5.621694 0.179928
5.626695 0.214082
5.631697 0.221879
5.636698 0.206761
5.641700 0.173254
5.646701 0.123528
5.651703 0.057394
5.656704 -0.024755
5.661706 -0.117850
5.666707 -0.209642
5.671709 -0.282398
5.676710 -0.319088
5.681712 -0.310875
5.686713 -0.261351
5.691715 -0.185194
5.696716 -0.102567
5.701718 -0.032505
5.706719 0.012159
5.711721 0.027108
5.716722 0.015850
5.721724 -0.012952
5.726725 -0.048166
5.731727 -0.077746
5.736728 -0.090098
5.741730 -0.076819
5.746731 -0.036611
5.751733 0.022233
5.756734 0.083708
5.761736 0.130583
5.766737 0.152049
5.771739 0.147782
5.776741 0.126299
5.781742 0.099611
5.786744 0.077919
5.791745 0.066489
5.796747 0.064745
5.801748 0.067259
5.806750 0.066888
5.811751 0.059458
5.816753 0.047338
5.821754 0.038756
5.826756 0.042225
5.831757 0.059303
5.836759 0.080838
5.841760 0.090216
5.846762 0.072459
5.851763 0.023756
5.856765 -0.044562
5.861766 -0.110055
5.866768 -0.148907
5.871769 -0.146190
5.876771 -0.101446
5.881772 -0.027129
5.886774 0.058374
5.891775 0.138301
5.896777 0.201400
5.901778 0.241508
5.906780 0.255331
5.911781 0.241330
5.916783 0.200758
5.921784 0.139855
5.926786 0.070844
5.931787 0.009454
5.936789 -0.030948
5.941790 -0.045455
5.946792 -0.039916
5.951793 -0.027913
5.956795 -0.024113
5.961796 -0.037380
5.966798 -0.066766
5.971799 -0.102132
5.976801 -0.128757
5.981802 -0.133214
5.986804 -0.107512
5.991805 -0.050540
5.996807 0.032171
6.001808 0.129214
6.006810 0.224619
6.011811 0.300499
6.016813 0.341266
6.021814 0.338114
6.026816 0.291304
6.031817 0.208548
6.036819 0.100529
6.041820 -0.023025
6.046822 -0.153834
6.051823 -0.282504
6.056825 -0.396085
6.061826 -0.478983
6.066828 -0.518000
6.071829 -0.508944
6.076831 -0.460075
6.081832 -0.388972
6.086834 -0.314019
6.091835 -0.246047
6.096837 -0.185514
6.101838 -0.126002
6.106840 -0.060102
6.111841 0.016489
6.116843 0.103485
6.121844 0.195530
6.126846 0.282052
6.131847 0.348777
6.136849 0.382083
6.141851 0.374861
6.146852 0.330131
6.151854 0.259305
6.156855 0.176055
6.161857 0.090478
6.166858 0.007637
6.171860 -0.069638
6.176861 -0.137154
6.181863 -0.188172
6.186864 -0.215447
6.191866 -0.215260
6.196867 -0.191118
6.201869 -0.154366
6.206870 -0.120256
6.211872 -0.100962
6.216873 -0.099553
6.221875 -0.108821
6.226876 -0.115933
6.231878 -0.110003
6.236879 -0.087803
6.241881 -0.054652
6.246882 -0.020957
6.251884 0.002919
6.256885 0.010871
6.261887 0.002933
6.266888 -0.015705
6.271890 -0.038290
6.276891 -0.060938
6.281893 -0.084917
6.286894 -0.114721
6.291896 -0.152826
6.296897 -0.194790
6.301899 -0.228635
6.306900 -0.239756
6.311902 -0.218690
6.316903 -0.166898
6.321905 -0.097057
6.326906 -0.027907
6.331908 0.023473
6.336909 0.048561
6.341911 0.050854
6.346912 0.044393
6.351914 0.047507
6.356915 0.074220
6.361917 0.127345
6.366918 0.196611
6.371920 0.262522
6.376921 0.304049
6.381923 0.307081
6.386924 0.270454
6.391926 0.206911
6.396927 0.138200
6.401929 0.086332
6.406930 0.065090
6.411932 0.075494
6.416933 0.106713
6.421935 0.141510
6.426936 0.163744
6.431938 0.164871
6.436939 0.146834
6.441941 0.119990
6.446942 0.096690
6.451944 0.083640
6.456945 0.077908
6.461947 0.069825
6.466948 0.050915
6.471950 0.020476
6.476951 -0.014628
6.481953 -0.046364
6.486954 -0.072048
6.491956 -0.095227
6.496958 -0.120572
6.501959 -0.147660
6.506961 -0.169202
6.511962 -0.175464
6.516964 -0.161594
6.521965 -0.132106
6.526967 -0.098916
6.531968 -0.074503
6.536970 -0.065286
6.541971 -0.069340
6.546973 -0.078773
6.551974 -0.084573
6.556976 -0.081562
6.561977 -0.071430
6.566979 -0.061952
6.571980 -0.062034
6.576982 -0.075283
6.581983 -0.096774
6.586985 -0.115806
6.591986 -0.122780
6.596988 -0.114721
6.601989 -0.095163
6.606991 -0.069249
6.611992 -0.039253
6.616994 -0.004663
6.621995 0.034166
6.626997 0.073244
6.631998 0.106176
6.637000 0.128419
6.642001 0.140913
6.647003 0.149963
6.652004 0.163359
6.657006 0.185726
6.662007 0.216123
6.667009 0.248339
6.672010 0.272493
6.677012 0.277369
6.682013 0.254314
6.687015 0.202201
6.692016 0.130268
6.697018 0.055718
6.702019 -0.003324
6.707021 -0.035405
6.712022 -0.039948
6.717024 -0.026756
6.722025 -0.012049
6.727027 -0.013016
6.732028 -0.042176
6.737030 -0.102268
6.742031 -0.182992
6.747033 -0.262012
6.752034 -0.311992
6.757036 -0.311926
6.762037 -0.257196
6.767039 -0.162733
6.772040 -0.057774
6.777042 0.024693
6.782043 0.059125
6.787045 0.035591
6.792046 -0.037394
6.797048 -0.136309
6.802049 -0.231262
6.807051 -0.296618
6.812052 -0.319496
6.817054 -0.302662
6.822055 -0.260663
6.827057 -0.211346
6.832058 -0.167547
6.837060 -0.133620
6.842061 -0.107951
6.847063 -0.088033
6.852064 -0.073034
6.857066 -0.062032
6.862068 -0.050815
6.867069 -0.031730
6.872071 0.002199
6.877072 0.052278
6.882074 0.112919
6.887075 0.175290
6.892077 0.232247
6.897078 0.280246
6.902080 0.317720
6.907081 0.343150
6.912083 0.355345
6.917084 0.355004
6.922086 0.344982
6.927087 0.328339
6.932089 0.305934
6.937090 0.276064
6.942092 0.237036
6.947093 0.190668
6.952095 0.142974
6.957096 0.100279
6.962098 0.063651
6.967099 0.026960
6.972101 -0.018689
6.977102 -0.076618
6.982104 -0.138197
6.987105 -0.183472
6.992107 -0.189635
6.997108 -0.143227
7.002110 -0.049261
7.007111 0.068142
7.012113 0.174326
7.017114 0.237796
7.022116 0.242512
7.027117 0.192980
7.032119 0.110142
7.037120 0.021145
7.042122 -0.050856
7.047123 -0.092516
7.052125 -0.101714
7.057126 -0.086587
7.062128 -0.062574
7.067129 -0.046685
7.072131 -0.049979
7.077132 -0.071963
7.082134 -0.100745
7.087135 -0.119469
7.092137 -0.115319
7.097138 -0.085675
7.102140 -0.038272
7.107141 0.013833
7.112143 0.059172
7.117144 0.092992
7.122146 0.117920
7.127147 0.139682
7.132149 0.160576
7.137150 0.175638
7.142152 0.174950
7.147153 0.150544
7.152155 0.102337
7.157156 0.038635
7.162158 -0.028268
7.167159 -0.086972
7.172161 -0.128818
7.177162 -0.147320
7.182164 -0.138353
7.187165 -0.102521
7.192167 -0.047464
7.197168 0.013202
7.202170 0.064730
7.207171 0.096596
7.212173 0.104582
7.217175 0.089045
7.222176 0.052349
7.227178 -0.001456
7.232179 -0.064773
7.237181 -0.125228
7.242182 -0.167496
7.247184 -0.178238
7.252185 -0.152166
7.257187 -0.096227
7.262188 -0.028948
7.267190 0.025967
7.272191 0.049222
7.277193 0.033708
7.282194 -0.013435
7.287196 -0.074561
7.292197 -0.128045
7.297199 -0.154764
7.302200 -0.143570
7.307202 -0.095405
7.312203 -0.024346
7.317205 0.046617
7.322206 0.094623
7.327208 0.106368
7.332209 0.082506
7.337211 0.035216
7.342212 -0.018313
7.347214 -0.062661
7.352215 -0.089323
7.357217 -0.099289
7.362218 -0.101315
7.367220 -0.105357
7.372221 -0.114656
7.377223 -0.122250
7.382224 -0.114601
7.387226 -0.079579
7.392227 -0.013545
7.397229 0.075969
7.402230 0.172370
7.407232 0.255255
7.412233 0.306655
7.417235 0.316438
7.422236 0.285157
7.427238 0.222836
7.432239 0.143894
7.437241 0.061215
7.442242 -0.016782
7.447244 -0.085118
7.452245 -0.139923
7.457247 -0.177728
7.462248 -0.196582
7.467250 -0.197216
7.472251 -0.183008
7.477253 -0.158850
7.482254 -0.129447
7.487256 -0.097546
7.492257 -0.063114
7.497259 -0.024695
7.502260 0.017380
7.507262 0.058447
7.512263 0.090157
7.517265 0.104422
7.522266 0.098074
7.527268 0.075068
7.532269 0.044661
7.537271 0.016672
7.542272 -0.003221
7.547274 -0.015431
7.552275 -0.024963
7.557277 -0.037819
7.562278 -0.057398
7.567280 -0.082705
7.572281 -0.109204
7.577283 -0.131415
7.582285 -0.144758
7.587286 -0.145039
7.592288 -0.127015
7.597289 -0.085026
7.602291 -0.016851
7.607292 0.071470
7.612294 0.163861
7.617295 0.238181
7.622297 0.274928
7.627298 0.265979
7.632300 0.217824
7.637301 0.147151
7.642303 0.072026
7.647304 0.004761
7.652306 -0.049755
7.657307 -0.091350
7.662309 -0.121243
7.667310 -0.140429
7.672312 -0.149352
7.677313 -0.147553
7.682315 -0.133263
7.687316 -0.104202
7.692318 -0.060225
7.697319 -0.005976
7.702321 0.049309
7.707322 0.095267
7.712324 0.124055
7.717325 0.131257
7.722327 0.114772
7.727328 0.074595
7.732330 0.014617
7.737331 -0.055681
7.742333 -0.122449
7.747334 -0.172008
7.752336 -0.196160
7.757337 -0.194921
7.762339 -0.175433
7.767340 -0.148612
7.772342 -0.125564
7.777343 -0.114236
7.782345 -0.116007
7.787346 -0.123482
7.792348 -0.122089
7.797349 -0.096250
7.802351 -0.037176
7.807352 0.052116
7.812354 0.156693
7.817355 0.253744
7.822357 0.318955
7.827358 0.333612
7.832360 0.290632
7.837361 0.197384
7.842363 0.073691
7.847364 -0.054616
7.852366 -0.163798
7.857367 -0.238521
7.862369 -0.274352
7.867370 -0.276471
7.872372 -0.255803
7.877373 -0.223981
7.882375 -0.188536
7.887376 -0.150317
7.892378 -0.104991
7.897379 -0.048108
7.902381 0.019779
7.907382 0.091622
7.912384 0.156588
7.917385 0.204463
7.922387 0.228950
7.927388 0.228779
7.932390 0.207118
7.937392 0.170161
7.942393 0.125346
7.947395 0.079402
7.952396 0.036806
7.957398 -0.000446
7.962399 -0.031551
7.967401 -0.055327
7.972402 -0.070095
7.977404 -0.075295
7.982405 -0.072964
7.987407 -0.067143
7.992408 -0.061686
7.997410 -0.058728
8.002411 -0.058844
8.007413 -0.061535
8.012414 -0.064811
8.017416 -0.064874
8.022417 -0.057818
8.027419 -0.042985
8.032420 -0.024902
8.037422 -0.011157
8.042423 -0.007265
8.047425 -0.012479
8.052426 -0.019726
8.057428 -0.019508
8.062429 -0.004909
8.067431 0.025114
8.072432 0.065125
8.077434 0.104935
8.082435 0.133173
8.087437 0.141968
8.092438 0.130616
8.097440 0.105779
8.102441 0.077913
8.107443 0.056413
8.112444 0.046401
8.117446 0.048205
8.122447 0.058718
8.127449 0.073222
8.132450 0.086548
8.137452 0.093363
8.142453 0.088324
8.147455 0.067002
8.152456 0.027684
8.157458 -0.026585
8.162459 -0.086795
8.167461 -0.138908
8.172462 -0.167741
8.177464 -0.162673
8.182465 -0.122150
8.187467 -0.054272
8.192468 0.026373
8.197470 0.103174
8.202471 0.161259
8.207473 0.190280
8.212474 0.186439
8.217476 0.153308
8.222477 0.100833
8.227479 0.042621
8.232480 -0.007631
8.237482 -0.039634
8.242483 -0.048983
8.247485 -0.037754
8.252486 -0.012887
8.257488 0.017082
8.262489 0.045512
8.267491 0.069413
8.272492 0.088432
8.277494 0.102302
8.282495 0.109273
8.287497 0.106629
8.292498 0.092146
8.297500 0.065054
8.302502 0.026666
8.307503 -0.018522
8.312505 -0.062072
8.317506 -0.093268
8.322508 -0.103562
8.327509 -0.091087
8.332511 -0.061802
8.337512 -0.026311
8.342514 0.005499
8.347515 0.028473
8.352517 0.042656
8.357518 0.050767
8.362520 0.055080
8.367521 0.055555
8.372523 0.049647
8.377524 0.033432
8.382526 0.003632
8.387527 -0.040151
8.392529 -0.093931
8.397530 -0.149259
8.402532 -0.194869
8.407533 -0.219648
8.412535 -0.215986
8.417536 -0.182293
8.422538 -0.123912
8.427539 -0.052191
8.432541 0.018227
8.437542 0.073393
8.442544 0.104059
8.447545 0.107993
8.452547 0.089457
8.457548 0.056452
8.462550 0.017915
8.467551 -0.017533
8.472553 -0.042097
8.477554 -0.050152
8.482556 -0.040133
8.487557 -0.015112
8.492559 0.018573
8.497560 0.053336
8.502562 0.081585
8.507563 0.096149
8.512565 0.090799
8.517566 0.061750
8.522568 0.010153
8.527569 -0.055813
8.532571 -0.121411
8.537572 -0.169365
8.542574 -0.185893
8.547575 -0.165867
8.552577 -0.114811
8.557578 -0.046892
8.562580 0.020404
8.567581 0.072588
8.572583 0.102348
8.577584 0.109811
8.582586 0.099849
8.587587 0.079003
8.592589 0.053746
8.597590 0.029953
8.602592 0.012700
8.607593 0.005736
8.612595 0.010410
8.617596 0.024348
8.622598 0.041054
8.627599 0.051740
8.632601 0.049031
8.637602 0.030328
8.642604 -0.001135
8.647605 -0.037767
8.652607 -0.070606
8.657608 -0.092651
8.662610 -0.101255
8.667612 -0.098488
8.672613 -0.089577
8.677615 -0.080559
8.682616 -0.076102
8.687618 -0.077838
8.692619 -0.083685
8.697621 -0.088654
8.702622 -0.086864
8.707624 -0.073631
8.712625 -0.046816
8.717627 -0.007307
8.722628 0.041176
8.727630 0.092737
8.732631 0.140172
8.737633 0.176079
8.742634 0.194307
8.747636 0.191570
8.752637 0.168804
8.757639 0.131793
8.762640 0.090543
8.767642 0.056800
8.772643 0.039765
8.777645 0.041560
8.782646 0.055196
8.787648 0.067045
8.792649 0.063195
8.797651 0.036388
8.802652 -0.010423
8.807654 -0.065818
8.812655 -0.115489
8.817657 -0.148023
8.822658 -0.157661
8.827660 -0.143538
8.832661 -0.107676
8.837663 -0.054167
8.842664 0.010245
8.847666 0.075832
8.852667 0.131094
8.857669 0.165490
8.862670 0.172744
8.867672 0.153129
8.872673 0.113166
8.877675 0.062595
8.882676 0.010532
8.887678 -0.036850
8.892679 -0.076325
8.897681 -0.106311
8.902682 -0.125621
8.907684 -0.133033
8.912685 -0.128003
8.917687 -0.112204
8.922688 -0.090402
8.927690 -0.069030
8.932691 -0.052874
8.937693 -0.042308
8.942694 -0.033411
8.947696 -0.020964
8.952697 -0.002218
8.957699 0.021229
8.962700 0.044616
8.967702 0.063017
8.972703 0.073515
8.977705 0.075056
8.982706 0.066938
8.987708 0.048064
8.992709 0.017848
8.997711 -0.022206
9.002712 -0.067936
9.007714 -0.113581
9.012715 -0.153460
9.017717 -0.182760
9.022719 -0.197259
9.027720 -0.193203
9.032722 -0.168441
9.037723 -0.124350
9.042725 -0.066909
9.047726 -0.005613
9.052728 0.049361
9.057729 0.090112
9.062731 0.112746
9.067732 0.117673
9.072734 0.108922
9.077735 0.092940
9.082737 0.077223
9.087738 0.068803
9.092740 0.072254
9.097741 0.087360
9.102743 0.107962
9.107744 0.123739
9.112746 0.124713
9.117747 0.106035
9.122749 0.070407
9.127750 0.026922
9.132752 -0.012937
9.137753 -0.040035
9.142755 -0.050656
9.147756 -0.046811
9.152758 -0.034510
9.157759 -0.021565
9.162761 -0.015673
9.167762 -0.022516
9.172764 -0.043960
9.177765 -0.077092
9.182767 -0.114662
9.187768 -0.146685
9.192770 -0.162958
9.197771 -0.156377
9.202773 -0.126087
9.207774 -0.078547
9.212776 -0.025294
9.217777 0.021713
9.222779 0.054720
9.227780 0.072422
9.232782 0.078971
9.237783 0.080648
9.242785 0.082325
9.247786 0.085522
9.252788 0.088436
9.257789 0.087356
9.262791 0.078899
9.267792 0.062353
9.272794 0.040759
9.277795 0.019704
9.282797 0.004428
9.287798 -0.002945
9.292800 -0.004602
9.297801 -0.006266
9.302803 -0.014815
9.307804 -0.035111
9.312806 -0.067194
9.317807 -0.104977
9.322809 -0.137237
9.327810 -0.151042
9.332812 -0.136603
9.337813 -0.091201
9.342815 -0.019962
9.347816 0.066405
9.352818 0.154679
9.357819 0.231280
9.362821 0.283820
9.367822 0.302941
9.372824 0.284221
9.377825 0.229231
9.382827 0.145365
9.387829 0.044730
9.392830 -0.057763
9.397832 -0.147235
9.402833 -0.212260
9.407835 -0.247568
9.412836 -0.254632
9.417838 -0.239996
9.422839 -0.212326
9.427841 -0.179411
9.432842 -0.146093
9.437844 -0.113734
9.442845 -0.081205
9.447847 -0.046736
9.452848 -0.009724
9.457850 0.028304
9.462851 0.064061
9.467853 0.093920
9.472854 0.115235
9.477856 0.126598
9.482857 0.127114
9.487859 0.115814
9.492860 0.092150
9.497862 0.057444
9.502863 0.016194
9.507865 -0.023851
9.512866 -0.053356
9.517868 -0.064539
9.522869 -0.054519
9.527871 -0.026987
9.532872 0.009025
9.537874 0.042919
9.542875 0.066950
9.547877 0.078854
9.552878 0.081184
9.557880 0.078122
9.562881 0.072302
9.567883 0.063772
9.572884 0.051132
9.577886 0.033459
9.582887 0.011711
9.587889 -0.010937
9.592890 -0.029919
9.597892 -0.040877
9.602893 -0.041102
9.607895 -0.030101
9.612896 -0.009479
9.617898 0.017342
9.622899 0.045574
9.627901 0.070022
9.632902 0.086521
9.637904 0.093272
9.642905 0.091332
9.647907 0.083715
9.652908 0.073209
9.657910 0.060208
9.662911 0.042356
9.667913 0.016519
9.672914 -0.018431
9.677916 -0.060047
9.682917 -0.102700
9.687919 -0.139449
9.692920 -0.164468
9.697922 -0.174873
9.702923 -0.170942
9.707925 -0.154809
9.712926 -0.128980
9.717928 -0.095789
9.722929 -0.057619
9.727931 -0.016896
9.732932 0.024380
9.737934 0.064851
9.742936 0.103123
9.747937 0.136575
9.752939 0.160912
9.757940 0.171487
9.762942 0.165984
9.767943 0.146595
9.772945 0.119718
9.777946 0.093023
9.782948 0.071770
9.787949 0.056851
9.792951 0.045587
9.797952 0.034286
9.802954 0.020704
9.807955 0.005167
9.812957 -0.009847
9.817958 -0.021186
9.822960 -0.026732
9.827961 -0.026425
9.832963 -0.022047
9.837964 -0.016000
9.842966 -0.009717
9.847967 -0.002609
9.852969 0.007485
9.857970 0.022489
9.862972 0.042525
9.867973 0.065994
9.872975 0.090577
9.877976 0.113489
9.882978 0.130911
9.887979 0.138181
9.892981 0.131560
9.897982 0.110369
9.902984 0.077644
9.907985 0.038607
9.912987 -0.001944
9.917988 -0.041400
9.922990 -0.079206
9.927991 -0.115438
9.932993 -0.149407
9.937994 -0.178882
9.942996 -0.200051
9.947997 -0.208551
9.952999 -0.201665
9.958000 -0.180532
9.963002 -0.150422
9.968003 -0.118397
9.973005 -0.089883
9.978006 -0.066427
9.983008 -0.045677
9.988009 -0.023123
9.993011 0.005259
9.998012 0.040378
10.003014 0.078631
10.008015 0.112770
10.013017 0.134999
10.018018 0.140663
10.023020 0.130144
10.028021 0.107752
10.033023 0.078610
10.038024 0.045943
10.043026 0.010530
10.048027 -0.027723
10.053029 -0.067652
10.058030 -0.105714
10.063032 -0.136095
10.068033 -0.151748
10.073035 -0.146569
10.078036 -0.118319
10.083038 -0.070352
10.088039 -0.010671
10.093041 0.050619
10.098042 0.103435
10.103044 0.139165
10.108046 0.152465
10.113047 0.143214
10.118049 0.116944
10.123050 0.082706
10.128052 0.049256
10.133053 0.021706
10.138055 0.000493
10.143056 -0.016958
10.148058 -0.033379
10.153059 -0.049859
10.158061 -0.066090
10.163062 -0.081482
10.168064 -0.095415
10.173065 -0.106564
10.178067 -0.112797
10.183068 -0.112382
10.188070 -0.105449
10.193071 -0.094265
10.198073 -0.082078
10.203074 -0.071422
10.208076 -0.063088
10.213077 -0.056387
10.218079 -0.050198
10.223080 -0.043638
10.228082 -0.035855
10.233083 -0.025727
10.238085 -0.012444
10.243086 0.003445
10.248088 0.019794
10.253089 0.033842
10.258091 0.043502
10.263092 0.048128
10.268094 0.048811
10.273095 0.048348
10.278097 0.050369
10.283098 0.057364
10.288100 0.068579
10.293101 0.079538
10.298103 0.084088
10.303104 0.078069
10.308106 0.062143
10.313107 0.041669
10.318109 0.023723
10.323110 0.013603
10.328112 0.013070
10.333113 0.020614
10.338115 0.032736
10.343116 0.045632
10.348118 0.056892
10.353119 0.066166
10.358121 0.073943
10.363122 0.079519
10.368124 0.080269
10.373125 0.072946
10.378127 0.055745
10.383128 0.029629
10.388130 -0.001385
10.393131 -0.030695
10.398133 -0.050491
10.403134 -0.054385
10.408136 -0.040601
10.413137 -0.013657
10.418139 0.017251
10.423140 0.042664
10.428142 0.056903
10.433143 0.058811
10.438145 0.049570
10.443146 0.030909
10.448148 0.005709
10.453149 -0.020664
10.458151 -0.041125
10.463153 -0.049755
10.468154 -0.044346
10.473156 -0.026982
10.478157 -0.003121
10.483159 0.019953
10.488160 0.035222
10.493162 0.038374
10.498163 0.029609
10.503165 0.013442
10.508166 -0.003925
10.513168 -0.018199
10.518169 -0.028937
10.523171 -0.038400
10.528172 -0.048858
10.533174 -0.061095
10.538175 -0.074981
10.543177 -0.090312
10.548178 -0.106239
10.553180 -0.119981
10.558181 -0.126927
10.563183 -0.122783
10.568184 -0.106172
10.573186 -0.079733
10.578187 -0.049185
10.583189 -0.021204
10.588190 -0.001241
10.593192 0.007941
10.598193 0.006844
10.603195 -0.000935
10.608196 -0.009508
10.613198 -0.012307
10.618199 -0.004270
10.623201 0.016363
10.628202 0.047504
10.633204 0.083993
10.638205 0.119379
10.643207 0.148395
10.648208 0.168998
10.653210 0.182257
10.658211 0.189782
10.663213 0.191092
10.668214 0.183620
10.673216 0.165256
10.678217 0.136926
10.683219 0.103208
10.688220 0.071000
10.693222 0.047125
10.698223 0.035840
10.703225 0.037361
10.708226 0.048234
10.713228 0.063414
10.718229 0.078771
10.723231 0.092448
10.728232 0.104214
10.733234 0.113402
10.738235 0.117297
10.743237 0.111614
10.748238 0.092782
10.753240 0.060023
10.758241 0.015851
10.763243 -0.034506
10.768244 -0.083889
10.773246 -0.124404
10.778247 -0.149597
10.783249 -0.156894
10.788250 -0.148555
10.793252 -0.130353
10.798253 -0.109092
10.803255 -0.090483
10.808256 -0.077868
10.813258 -0.071513
10.818259 -0.068553
10.823261 -0.064212
10.828263 -0.054349
10.833264 -0.038117
10.838266 -0.018967
10.843267 -0.003178
10.848269 0.003199
10.853270 -0.002854
10.858272 -0.020108
10.863273 -0.043682
10.868275 -0.066739
10.873276 -0.082606
10.878278 -0.086850
10.883279 -0.078586
10.888281 -0.060176
10.893282 -0.035542
10.898284 -0.008532
10.903285 0.017534
10.908287 0.039457
10.913288 0.053967
10.918290 0.058324
10.923291 0.051435
10.928293 0.034503
10.933294 0.010414
10.938296 -0.017814
10.943297 -0.047942
10.948299 -0.077784
10.953300 -0.103833
10.958302 -0.121152
10.963303 -0.125095
10.968305 -0.113654
10.973306 -0.088836
10.978308 -0.056265
10.983309 -0.023242
10.988311 0.003598
10.993312 0.019862
10.998314 0.023783
11.003315 0.015971
11.008317 -0.000896
11.013318 -0.022383
11.018320 -0.042841
11.023321 -0.056332
11.028323 -0.058271
11.033324 -0.047633
11.038326 -0.028285
11.043327 -0.007583
11.048329 0.007563
11.053330 0.014184
11.058332 0.013388
11.063333 0.007565
11.068335 -0.002096
11.073336 -0.015389
11.078338 -0.031019
11.083339 -0.045351
11.088341 -0.053430
11.093342 -0.051428
11.098344 -0.038529
11.103345 -0.017015
11.108347 0.009114
11.113348 0.035680
11.118350 0.059384
11.123351 0.078432
11.128353 0.092485
11.133354 0.101581
11.138356 0.104965
11.143357 0.101457
11.148359 0.091309
11.153360 0.077354
11.158362 0.063842
11.163363 0.053946
11.168365 0.048240
11.173366 0.045097
11.178368 0.042075
11.183369 0.036968
11.188371 0.028092
11.193373 0.014305
11.198374 -0.004447
11.203376 -0.025961
11.208377 -0.045243
11.213379 -0.055970
11.218380 -0.053403
11.223382 -0.036541
11.228383 -0.008155
11.233385 0.026581
11.238386 0.061534
11.243388 0.090773
11.248389 0.109623
11.253391 0.115320
11.258392 0.106836
11.263394 0.084417
11.268395 0.049849
11.273397 0.007336
11.278398 -0.036319
11.283400 -0.073256
11.288401 -0.097365
11.293403 -0.106604
11.298404 -0.103102
11.303406 -0.090997
11.308407 -0.073979
11.313409 -0.054613
11.318410 -0.035242
11.323412 -0.018448
11.328413 -0.006024
11.333415 0.002317
11.338416 0.008851
11.343418 0.016481
11.348419 0.027312
11.353421 0.041634
11.358422 0.057288
11.363424 0.069873
11.368425 0.074324
11.373427 0.067365
11.378428 0.049361
11.383430 0.024403
11.388431 -0.001501
11.393433 -0.023124
11.398434 -0.038015
11.403436 -0.046593
11.408437 -0.050506
11.413439 -0.050836
11.418440 -0.047708
11.423442 -0.041234
11.428443 -0.032301
11.433445 -0.022359
11.438446 -0.012621
11.443448 -0.003443
11.448449 0.005738
11.453451 0.015807
11.458452 0.027074
11.463454 0.038855
11.468455 0.049875
11.473457 0.058927
11.478458 0.065010
11.483460 0.067015
11.488461 0.063517
11.493463 0.053010
11.498464 0.034586
11.503466 0.008833
11.508467 -0.021691
11.513469 -0.053153
11.518470 -0.081879
11.523472 -0.105166
11.528473 -0.120898
11.533475 -0.127039
11.538476 -0.122099
11.543478 -0.106190
11.548480 -0.081488
11.553481 -0.051726
11.558483 -0.021360
11.563484 0.005113
11.568486 0.023820
11.573487 0.032421
11.578489 0.030967
11.583490 0.022104
11.588492 0.010233
11.593493 -0.000248
11.598495 -0.006858
11.603496 -0.009862
11.608498 -0.011489
11.613499 -0.014373
11.618501 -0.020443
11.623502 -0.030427
11.628504 -0.043437
11.633505 -0.056846
11.638507 -0.067021
11.643508 -0.070650
11.648510 -0.065772
11.653511 -0.052181
11.658513 -0.031351
11.663514 -0.005834
11.668516 0.021794
11.673517 0.049702
11.678519 0.076563
11.683520 0.100541
11.688522 0.118521
11.693523 0.126378
11.698525 0.120397
11.703526 0.099326
11.708528 0.065957
11.713529 0.026973
11.718531 -0.009290
11.723532 -0.035902
11.728534 -0.049382
11.733535 -0.049947
11.738537 -0.040339
11.743538 -0.023945
11.748540 -0.003094
11.753541 0.021330
11.758543 0.048666
11.763544 0.076875
11.768546 0.102174
11.773547 0.120200
11.778549 0.127637
11.783550 0.123196
11.788552 0.107728
11.793553 0.083682
11.798555 0.054195
11.803556 0.022304
11.808558 -0.009422
11.813559 -0.039044
11.818561 -0.065438
11.823562 -0.088040
11.828564 -0.105855
11.833565 -0.116733
11.838567 -0.118100
11.843568 -0.108702
11.848570 -0.089629
11.853571 -0.063626
11.858573 -0.033501
11.863574 -0.001165
11.868576 0.031900
11.873577 0.063341
11.878579 0.089230
11.883580 0.104996
11.888582 0.107444
11.893583 0.096318
11.898585 0.074358
11.903586 0.046150
11.908588 0.016508
11.913590 -0.011158
11.918591 -0.035804
11.923593 -0.058012
11.928594 -0.077700
11.933596 -0.092515
11.938597 -0.099070
11.943599 -0.096124
11.948600 -0.086369
11.953602 -0.075003
11.958603 -0.066637
11.963605 -0.063108
11.968606 -0.063141
11.973608 -0.063373
11.978609 -0.059895
11.983611 -0.049621
11.988612 -0.031225
11.993614 -0.005767
11.998615 0.023218
12.003617 0.050652
12.008618 0.071639
12.013620 0.082845
12.018621 0.082750
12.023623 0.071275
12.028624 0.049814
12.033626 0.021700
12.038627 -0.008018
12.043629 -0.034035
12.048630 -0.052475
12.053632 -0.061539
12.058633 -0.061242
12.063635 -0.053164
12.068636 -0.040299
12.073638 -0.026425
12.078639 -0.014865
12.083641 -0.007310
12.088642 -0.003514
12.093644 -0.002099
12.098645 -0.001839
12.103647 -0.002281
12.108648 -0.003357
12.113650 -0.004758
12.118651 -0.005862
12.123653 -0.005945
12.128654 -0.003980
12.133656 0.001620
12.138657 0.012363
12.143659 0.028195
12.148660 0.046565
12.153662 0.063104
12.158663 0.073445
12.163665 0.074809
12.168666 0.066557
12.173668 0.049936
12.178669 0.027594
12.183671 0.003085
12.188672 -0.019801
12.193674 -0.038028
12.198675 -0.050238
12.203677 -0.056695
12.208678 -0.058089
12.213680 -0.054487
12.218681 -0.045528
12.223683 -0.031206
12.228684 -0.012180
12.233686 0.010148
12.238687 0.033232
12.243689 0.053342
12.248690 0.066845
12.253692 0.072170
12.258693 0.070610
12.263695 0.065048
12.268697 0.057636
12.273698 0.048422
12.278700 0.036167
12.283701 0.020668
12.288703 0.004321
12.293704 -0.008806
12.298706 -0.015664
12.303707 -0.016153
12.308709 -0.012821
12.313710 -0.009172
12.318712 -0.008081
12.323713 -0.010814
12.328715 -0.016669
12.333716 -0.023372
12.338718 -0.028248
12.343719 -0.029606
12.348721 -0.027419
12.353722 -0.022886
12.358724 -0.017321
12.363725 -0.011248
12.368727 -0.004199
12.373728 0.004808
12.378730 0.016384
12.383731 0.029956
12.388733 0.043549
12.393734 0.054349
12.398736 0.059667
12.403737 0.057813
12.408739 0.048615
12.413740 0.033441
12.418742 0.014699
12.423743 -0.004863
12.428745 -0.022664
12.433746 -0.036671
12.438748 -0.045948
12.443749 -0.050997
12.448751 -0.053260
12.453752 -0.054006
12.458754 -0.053594
12.463755 -0.051582
12.468757 -0.047293
12.473758 -0.040388
12.478760 -0.031370
12.483761 -0.021757
12.488763 -0.013589
12.493764 -0.008420
12.498766 -0.006585
12.503767 -0.007118
12.508769 -0.008117
12.513770 -0.007420
12.518772 -0.003645
12.523773 0.002901
12.528775 0.010307
12.533776 0.016310
12.538778 0.019864
12.543779 0.021898
12.548781 0.024626
12.553782 0.029728
12.558784 0.036758
12.563785 0.043196
12.568787 0.046143
12.573788 0.044097
12.578790 0.037239
12.583791 0.026381
12.588793 0.011989
12.593794 -0.005702
12.598796 -0.025658
12.603797 -0.045057
12.608799 -0.059261
12.613800 -0.063362
12.618802 -0.054740
12.623803 -0.034755
12.628805 -0.008033
12.633807 0.019973
12.638808 0.045043
12.643810 0.064709
12.648811 0.077761
12.653813 0.083612
12.658814 0.081744
12.663816 0.071366
12.668817 0.051791
12.673819 0.023635
12.678820 -0.010122
12.683822 -0.044435
12.688823 -0.074091
12.693825 -0.096019
12.698826 -0.110221
12.703828 -0.118505
12.708829 -0.122269
12.713831 -0.121583
12.718832 -0.116228
12.723834 -0.106974
12.728835 -0.095371
12.733837 -0.082481
12.738838 -0.068196
12.743840 -0.051663
12.748841 -0.032043
12.753843 -0.009078
12.758844 0.016315
12.763846 0.041551
12.768847 0.062824
12.773849 0.076705
12.778850 0.081831
12.783852 0.079517
12.788853 0.073017
12.793855 0.065829
12.798856 0.059911
12.803858 0.054987
12.808859 0.049477
12.813861 0.042042
12.818862 0.032278
12.823864 0.020407
12.828865 0.006945
12.833867 -0.007228
12.838868 -0.020746
12.843870 -0.031919
12.848871 -0.039098
12.853873 -0.041194
12.858874 -0.038198
12.863876 -0.031395
12.868877 -0.023011
12.873879 -0.015285
12.878880 -0.009366
12.883882 -0.004798
12.888883 -0.000202
12.893885 0.005084
12.898886 0.009705
12.903888 0.010702
12.908889 0.005612
12.913891 -0.005424
12.918892 -0.019362
12.923894 -0.031794
12.928895 -0.038823
12.933897 -0.038018
12.938898 -0.028498
12.943900 -0.010805
12.948901 0.013164
12.953903 0.040342
12.958904 0.067040
12.963906 0.089848
12.968907 0.106465
12.973909 0.115886
12.978910 0.117922
12.983912 0.112810
12.988914 0.101372
12.993915 0.085049
12.998917 0.065232
13.003918 0.042695
13.008920 0.018202
13.013921 -0.006414
13.018923 -0.028335
13.023924 -0.045203
13.028926 -0.056403
13.033927 -0.063032
13.038929 -0.066938
13.043930 -0.069762
13.048932 -0.072369
13.053933 -0.074548
13.058935 -0.075011
13.063936 -0.071968
13.068938 -0.064328
13.073939 -0.052942
13.078941 -0.040668
13.083942 -0.030789
13.088944 -0.025040
13.093945 -0.022971
13.098947 -0.022902
13.103948 -0.023169
13.108950 -0.022622
13.113951 -0.020525
13.118953 -0.016557
13.123954 -0.010936
13.128956 -0.004205
13.133957 0.003183
13.138959 0.010876
13.143960 0.018295
13.148962 0.024716
13.153963 0.029841
13.158965 0.034170
13.163966 0.038640
13.168968 0.043800
13.173969 0.049256
13.178971 0.053935
13.183972 0.057003
13.188974 0.058478
13.193975 0.058839
13.198977 0.058184
13.203978 0.056210
13.208980 0.053100
13.213981 0.049984
13.218983 0.048058
13.223984 0.047307
13.228986 0.046362
13.233987 0.043621
13.238989 0.038286
13.243990 0.030381
13.248992 0.020255
13.253993 0.008461
13.258995 -0.003992
13.263996 -0.015545
13.268998 -0.024503
13.273999 -0.029878
13.279001 -0.032030
13.284002 -0.032352
13.289004 -0.032054
13.294005 -0.031212
13.299007 -0.029097
13.304008 -0.025310
13.309010 -0.020448
13.314011 -0.015832
13.319013 -0.012837
13.324014 -0.012395
13.329016 -0.014729
13.334017 -0.019356
13.339019 -0.025395
13.344020 -0.031977
13.349022 -0.038313
13.354024 -0.043452
13.359025 -0.046291
13.364027 -0.046027
13.369028 -0.042563
13.374030 -0.036354
13.379031 -0.027873
13.384033 -0.017150
13.389034 -0.003780
13.394036 0.012513
13.399037 0.031120
13.404039 0.050283
13.409040 0.067569
13.414042 0.080437
13.419043 0.086508
13.424045 0.084060
13.429046 0.073052
13.434048 0.055570
13.439049 0.034756
13.444051 0.013148
13.449052 -0.007938
13.454054 -0.027756
13.459055 -0.045198
13.464057 -0.058446
13.469058 -0.065454
13.474060 -0.065066
13.479061 -0.057981
13.484063 -0.046593
13.489064 -0.033792
13.494066 -0.021866
13.499067 -0.012164
13.504069 -0.005066
13.509070 0.000060
13.514072 0.004454
13.519073 0.009014
13.524075 0.013647
13.529076 0.017559
13.534078 0.020103
13.539079 0.021283
13.544081 0.021438
13.549082 0.020465
13.554084 0.017549
13.559085 0.011876
13.564087 0.003717
13.569088 -0.005293
13.574090 -0.013034
13.579091 -0.018104
13.584093 -0.020371
13.589094 -0.020802
13.594096 -0.021041
13.599097 -0.022789
13.604099 -0.026865
13.609100 -0.032423
13.614102 -0.037212
13.619103 -0.038885
13.624105 -0.036307
13.629106 -0.029894
13.634108 -0.020991
13.639109 -0.010921
13.644111 -0.000316
13.649112 0.010877
13.654114 0.022709
13.659115 0.034356
13.664117 0.043914
13.669118 0.049212
13.674120 0.049084
13.679121 0.044024
13.684123 0.035779
13.689124 0.026364
13.694126 0.017283
13.699127 0.009326
13.704129 0.002923
13.709131 -0.001406
13.714132 -0.003225
13.719134 -0.003085
13.724135 -0.003039
13.729137 -0.005711
13.734138 -0.012599
13.739140 -0.023461
13.744141 -0.037311
13.749143 -0.053467
13.754144 -0.071230
13.759146 -0.088748
13.764147 -0.102675
13.769149 -0.109180
13.774150 -0.105604
13.779152 -0.091845
13.784153 -0.070754
13.789155 -0.047244
13.794156 -0.026432
13.799158 -0.011770
13.804159 -0.003949
13.809161 -0.001012
13.814162 0.000241
13.819164 0.002225
13.824165 0.005384
13.829167 0.008730
13.834168 0.011388
13.839170 0.013531
13.844171 0.016044
13.849173 0.019632
13.854174 0.024361
13.859176 0.029713
13.864177 0.034707
13.869179 0.037946
13.874180 0.037941
13.879182 0.033869
13.884183 0.026248
13.889185 0.016893
13.894186 0.008066
13.899188 0.001512
13.904189 -0.001929
13.909191 -0.002152
13.914192 0.000354
13.919194 0.004314
13.924195 0.007543
13.929197 0.007449
13.934198 0.002075
13.939200 -0.008896
13.944201 -0.023797
13.949203 -0.039504
13.954204 -0.052531
13.959206 -0.060061
13.964207 -0.060412
13.969209 -0.052995
13.974210 -0.038111
13.979212 -0.016947
13.984213 0.008303
13.989215 0.034431
13.994216 0.057474
13.999218 0.073406
14.004219 0.079518
14.009221 0.076012
14.014222 0.066394
14.019224 0.055638
14.024225 0.047249
14.029227 0.041693
14.034228 0.037340
14.039230 0.032626
14.044231 0.027450
14.049233 0.023033
14.054234 0.020723
14.059236 0.020840
14.064237 0.022397
14.069239 0.023753
14.074241 0.023451
14.079242 0.020630
14.084244 0.015188
14.089245 0.007855
14.094247 -0.000065
14.099248 -0.007326
14.104250 -0.013063
14.109251 -0.016517
14.114253 -0.016796
14.119254 -0.013291
14.124256 -0.006369
14.129257 0.002503
14.134259 0.011471
14.139260 0.019275
14.144262 0.025789
14.149263 0.031846
14.154265 0.038555
14.159266 0.046453
14.164268 0.054865
14.169269 0.061775
14.174271 0.064316
14.179272 0.059932
14.184274 0.047978
14.189275 0.030807
14.194277 0.013084
14.199278 -0.000584
14.204280 -0.007933
14.209281 -0.009419
14.214283 -0.006817
14.219284 -0.001778
14.224286 0.004394
14.229287 0.010250
14.234289 0.014127
14.239290 0.014677
14.244292 0.011322
14.249293 0.004412
14.254295 -0.004762
14.259296 -0.014058
14.264298 -0.020946
14.269299 -0.023366
14.274301 -0.020706
14.279302 -0.014265
14.284304 -0.006540
14.289305 0.000430
14.294307 0.006261
14.299308 0.011783
14.304310 0.017582
14.309311 0.023132
14.314313 0.027200
14.319314 0.028711
14.324316 0.027189
14.329317 0.022802
14.334319 0.016381
14.339320 0.009394
14.344322 0.003608
14.349323 0.000364
14.354325 -0.000108
14.359326 0.001188
14.364328 0.002651
14.369329 0.002867
14.374331 0.000900
14.379332 -0.003846
14.384334 -0.011510
14.389335 -0.021344
14.394337 -0.031756
14.399338 -0.041111
14.404340 -0.048394
14.409341 -0.052997
14.414343 -0.054229
14.419344 -0.051505
14.424346 -0.045128
14.429347 -0.036763
14.434349 -0.028993
14.439351 -0.024219
14.444352 -0.023717
14.449354 -0.027340
14.454355 -0.033781
14.459357 -0.040997
14.464358 -0.046572
14.469360 -0.048086
14.474361 -0.043683
14.479363 -0.032730
14.484364 -0.016079
14.489366 0.004246
14.494367 0.025593
14.499369 0.045103
14.504370 0.060219
14.509372 0.069391
14.514373 0.072600
14.519375 0.071162
14.524376 0.066921
14.529378 0.061489
14.534379 0.056012
14.539381 0.051324
14.544382 0.047991
14.549384 0.045994
14.554385 0.044436
14.559387 0.041965
14.564388 0.037809
14.569390 0.032308
14.574391 0.026201
14.579393 0.019522
14.584394 0.011479
14.589396 0.001496
14.594397 -0.009750
14.599399 -0.020357
14.604400 -0.028110
14.609402 -0.031382
14.614403 -0.029549
14.619405 -0.023176
14.624406 -0.013986
14.629408 -0.004347
14.634409 0.003513
14.639411 0.008004
14.644412 0.008244
14.649414 0.004063
14.654415 -0.003964
14.659417 -0.014546
14.664418 -0.025803
14.669420 -0.035562
14.674421 -0.041989
14.679423 -0.044270
14.684424 -0.042836
14.689426 -0.038990
14.694427 -0.034297
14.699429 -0.030057
14.704430 -0.026935
14.709432 -0.024766
14.714433 -0.022771
14.719435 -0.020190
14.724436 -0.016832
14.729438 -0.012981
14.734439 -0.008946
14.739441 -0.004938
14.744442 -0.001278
14.749444 0.001657
14.754445 0.003781
14.759447 0.005383
14.764448 0.006837
14.769450 0.008336
14.774451 0.009767
14.779453 0.010566
14.784454 0.009811
14.789456 0.006923
14.794458 0.002556
14.799459 -0.001341
14.804461 -0.002610
14.809462 -0.000219
14.814464 0.005123
14.819465 0.011297
14.824467 0.015853
14.829468 0.017463
14.834470 0.016806
14.839471 0.015876
14.844473 0.016163
14.849474 0.017437
14.854476 0.018164
14.859477 0.016937
14.864479 0.013701
14.869480 0.009872
14.874482 0.007278
14.879483 0.006807
14.884485 0.007975
14.889486 0.009591
14.894488 0.010607
14.899489 0.010421
14.904491 0.008840
14.909492 0.006133
14.914494 0.003019
14.919495 0.000130
14.924497 -0.002713
14.929498 -0.006471
14.934500 -0.012004
14.939501 -0.019205
14.944503 -0.026993
14.949504 -0.034088
14.954506 -0.039874
14.959507 -0.044502
14.964509 -0.048035
14.969510 -0.049569
14.974512 -0.047520
14.979513 -0.040950
14.984515 -0.030454
14.989516 -0.017701
14.994518 -0.004393
14.999519 0.008060
15.004521 0.018185
15.009522 0.024455
15.014524 0.025971
15.019525 0.023048
15.024527 0.017065
15.029528 0.009785
15.034530 0.002616
15.039531 -0.003839
15.044533 -0.009735
15.049534 -0.015443
15.054536 -0.020882
15.059537 -0.025260
15.064539 -0.027441
15.069540 -0.026609
15.074542 -0.022736
15.079543 -0.016548
15.084545 -0.008935
15.089546 -0.000234
15.094548 0.009758
15.099549 0.020826
15.104551 0.031591
15.109552 0.040076
15.114554 0.044987
15.119555 0.046156
15.124557 0.043833
15.129558 0.037931
15.134560 0.028040
15.139561 0.014063
15.144563 -0.003062
15.149564 -0.021102
15.154566 -0.037071
15.159568 -0.048356
15.164569 -0.053571
15.169571 -0.052693
15.174572 -0.046874
15.179574 -0.038295
15.184575 -0.029564
15.189577 -0.022448
15.194578 -0.017015
15.199580 -0.012327
15.204581 -0.007977
15.209583 -0.004628
15.214584 -0.002939
15.219586 -0.002295
15.224587 -0.000929
15.229589 0.002704
15.234590 0.008849
15.239592 0.016499
15.244593 0.024141
15.249595 0.030384
15.254596 0.034252
15.259598 0.035376
15.264599 0.034264
15.269601 0.032400
15.274602 0.031641
15.279604 0.033137
15.284605 0.036839
15.289607 0.042072
15.294608 0.048179
15.299610 0.054233
15.304611 0.058485
15.309613 0.058846
15.314614 0.054306
15.319616 0.045816
15.324617 0.035635
15.329619 0.025650
15.334620 0.016118
15.339622 0.005880
15.344623 -0.006174
15.349625 -0.019723
15.354626 -0.032882
15.359628 -0.043292
15.364629 -0.049361
15.369631 -0.050724
15.374632 -0.047971
15.379634 -0.042240
15.384635 -0.034874
15.389637 -0.026914
15.394638 -0.018662
15.399640 -0.009906
15.404641 -0.000747
15.409643 0.007869
15.414644 0.014515
15.419646 0.018092
15.424647 0.018327
15.429649 0.015733
15.434650 0.011350
15.439652 0.006439
15.444653 0.002150
15.449655 -0.000777
15.454656 -0.002149
15.459658 -0.002233
15.464659 -0.001444
15.469661 -0.000006
15.474662 0.001970
15.479664 0.003948
15.484665 0.004751
15.489667 0.003386
15.494668 0.000266
15.499670 -0.002789
15.504671 -0.004110
15.509673 -0.003821
15.514675 -0.003926
15.519676 -0.006867
15.524678 -0.013926
15.529679 -0.024681
15.534681 -0.037650
15.539682 -0.051218
15.544684 -0.063866
15.549685 -0.073849
15.554687 -0.079282
15.559688 -0.078894
15.564690 -0.072609
15.569691 -0.061314
15.574693 -0.046223
15.579694 -0.028605
15.584696 -0.010004
15.589697 0.007579
15.594699 0.021952
15.599700 0.031348
15.604702 0.035088
15.609703 0.033845
15.614705 0.029143
15.619706 0.022278
15.624708 0.013636
15.629709 0.003158
15.634711 -0.008630
15.639712 -0.020245
15.644714 -0.029799
15.649715 -0.035734
15.654717 -0.037249
15.659718 -0.034485
15.664720 -0.028472
15.669721 -0.020652
15.674723 -0.012188
15.679724 -0.003634
15.684726 0.004822
15.689727 0.012967
15.694729 0.020401
15.699730 0.026388
15.704732 0.029750
15.709733 0.029389
15.714735 0.025360
15.719736 0.019333
15.724738 0.013750
15.729739 0.010410
15.734741 0.009617
15.739742 0.010284
15.744744 0.010886
15.749745 0.010642
15.754747 0.010019
15.759748 0.010174
15.764750 0.012026
15.769751 0.015733
15.774753 0.020601
15.779754 0.025260
15.784756 0.028315
15.789757 0.029293
15.794759 0.028953
15.799760 0.028458
15.804762 0.028301
15.809763 0.028256
15.814765 0.028193
15.819766 0.028467
15.824768 0.029420
15.829769 0.030899
15.834771 0.032469
15.839772 0.033884
15.844774 0.035182
15.849775 0.036389
15.854777 0.037184
15.859778 0.036845
15.864780 0.034711
15.869781 0.030997
15.874783 0.027125
15.879785 0.024839
15.884786 0.024823
15.889788 0.026320
15.894789 0.028005
15.899791 0.028819
15.904792 0.027973
15.909794 0.024689
15.914795 0.018434
15.919797 0.009304
15.924798 -0.001984
15.929800 -0.014373
15.934801 -0.026641
15.939803 -0.037648
15.944804 -0.046855
15.949806 -0.054672
15.954807 -0.062038
15.959809 -0.069425
15.964810 -0.076082
15.969812 -0.080149
15.974813 -0.079742
15.979815 -0.074465
15.984816 -0.066083
15.989818 -0.057516
15.994819 -0.051046
15.999821 -0.047374
16.004822 -0.045887
16.009824 -0.045222
16.014825 -0.043646
16.019827 -0.039620
16.024828 -0.032578
16.029830 -0.023285
16.034831 -0.013381
16.039833 -0.004382
16.044834 0.003171
16.049836 0.009714
16.054837 0.015840
16.059839 0.021664
16.064840 0.027183
16.069842 0.033006
16.074843 0.040119
16.079845 0.048691
16.084846 0.057504
16.089848 0.064973
16.094849 0.070543
16.099851 0.074631
16.104852 0.077260
16.109854 0.077226
16.114855 0.072998
16.119857 0.064419
16.124858 0.053272
16.129860 0.041975
16.134861 0.031724
16.139863 0.022113
16.144864 0.012538
16.149866 0.003553
16.154867 -0.003607
16.159869 -0.008685
16.164870 -0.013099
16.169872 -0.018781
16.174873 -0.026442
16.179875 -0.035006
16.184876 -0.042511
16.189878 -0.047279
16.194879 -0.048344
16.199881 -0.045353
16.204882 -0.038652
16.209884 -0.029503
16.214885 -0.019762
16.219887 -0.011000
16.224888 -0.003898
16.229890 0.001463
16.234892 0.004782
16.239893 0.005025
16.244895 0.000883
16.249896 -0.008096
16.254898 -0.020816
16.259899 -0.035058
16.264901 -0.048323
16.269902 -0.058145
16.274904 -0.062255
16.279905 -0.059495
16.284907 -0.050948
16.289908 -0.039707
16.294910 -0.029018
16.299911 -0.020515
16.304913 -0.014147
16.309914 -0.009456
16.314916 -0.006609
16.319917 -0.006224
16.324919 -0.008376
16.329920 -0.011858
16.334922 -0.014522
16.339923 -0.014471
16.344925 -0.011145
16.349926 -0.005490
16.354928 0.000626
16.359929 0.005114
16.364931 0.006335
16.369932 0.003895
16.374934 -0.000892
16.379935 -0.005598
16.384937 -0.008064
16.389938 -0.007311
16.394940 -0.003357
16.399941 0.003226
16.404943 0.011200
16.409944 0.018425
16.414946 0.022369
16.419947 0.021307
16.424949 0.015353
16.429950 0.006617
16.434952 -0.001788
16.439953 -0.007385
16.444955 -0.009414
16.449956 -0.008449
16.454958 -0.005217
16.459959 -0.000075
16.464961 0.006537
16.469962 0.013586
16.474964 0.019472
16.479965 0.022385
16.484967 0.020785
16.489968 0.014110
16.494970 0.003362
16.499971 -0.009096
16.504973 -0.020631
16.509974 -0.029542
16.514976 -0.035536
16.519977 -0.039122
16.524979 -0.040381
16.529980 -0.038291
16.534982 -0.031505
16.539983 -0.020041
16.544985 -0.006231
16.549986 0.006118
16.554988 0.013686
16.559989 0.015128
16.564991 0.011319
16.569992 0.004813
16.574994 -0.001081
16.579995 -0.003852
16.584997 -0.003418
16.589998 -0.001847
16.595000 -0.000915
