0.000000 0.000000
0.005001 -0.002524
0.010002 -0.001082
0.015003 0.002993
0.020004 0.001071
0.025005 -0.001803
0.030006 -0.001884
0.035007 0.003351
0.040008 -0.000469
0.045009 -0.002014
0.050010 0.001975
0.055011 0.000746
0.060012 -0.001270
0.065013 -0.001640
0.070014 0.002385
0.075015 0.000311
0.080016 -0.001314
0.085017 -0.000427
0.090018 -0.000498
0.095019 0.002332
0.100020 -0.000040
0.105021 -0.001964
0.110022 -0.000468
0.115023 0.002325
0.120024 -0.001018
0.125025 -0.002440
0.130026 0.001644
0.135027 0.000111
0.140028 0.000581
0.145029 -0.002652
0.150030 -0.000095
0.155031 0.003200
0.160032 -0.002428
0.165033 -0.001843
0.170034 0.002209
0.175035 0.001609
0.180036 -0.001535
0.185037 0.000071
0.190038 -0.001449
0.195039 0.002597
0.200040 0.001614
0.205041 -0.004315
0.210042 0.002672
0.215043 0.001158
0.220044 -0.001184
0.225045 -0.001348
0.230046 -0.000394
0.235047 0.003511
0.240048 -0.000891
0.245049 -0.002789
0.250050 0.001264
0.255051 0.002162
0.260052 -0.001530
0.265053 -0.001887
0.270054 0.001284
0.275055 0.000929
0.280056 0.000426
0.285057 -0.000708
0.290058 -0.003309
0.295059 0.003599
0.300060 0.001055
0.305061 -0.005063
0.310062 0.003435
0.315063 0.000745
0.320064 -0.001794
0.325065 0.000223
0.330066 -0.000113
0.335067 0.001552
0.340068 -0.000141
0.345069 -0.000858
0.350070 -0.001354
0.355071 0.001940
0.360072 0.000360
0.365073 -0.002022
0.370074 0.001270
0.375075 -0.000486
0.380076 -0.000055
0.385077 -0.001162
0.390078 0.000890
0.395079 0.001812
0.400080 -0.002791
0.405081 0.001180
0.410082 0.000295
0.415083 -0.000234
0.420084 0.000434
0.425085 -0.001908
0.430086 0.001013
0.435087 0.000815
0.440088 -0.000129
0.445089 -0.000328
0.450090 -0.000837
0.455091 0.000475
0.460092 0.000076
0.465093 -0.001502
0.470094 0.000752
0.475095 0.001849
0.480096 -0.000485
0.485097 -0.002888
0.490098 -0.000103
0.495099 0.003971
0.500100 -0.002019
0.505101 -0.002360
0.510102 0.002016
0.515103 0.001174
0.520104 -0.000244
0.525105 -0.002397
0.530106 0.000012
0.535107 0.002168
0.540108 0.000322
0.545109 -0.003532
0.550110 0.000364
0.555111 0.004022
0.560112 -0.002226
0.565113 -0.000773
0.570114 -0.000634
0.575115 0.001243
0.580116 -0.000176
0.585117 -0.003408
0.590118 0.002805
0.595119 -0.000085
0.600120 0.000393
0.605121 -0.001735
0.610122 -0.000867
0.615123 0.003785
0.620124 -0.001445
0.625125 -0.001949
0.630126 -0.000918
0.635127 0.002529
0.640128 -0.001026
0.645129 -0.002046
0.650130 0.001207
0.655131 0.000404
0.660132 0.000536
0.665133 -0.002293
0.670134 0.001082
0.675135 0.000705
0.680136 -0.000547
0.685137 -0.000508
0.690138 -0.001544
0.695139 0.002444
0.700140 0.000068
0.705141 -0.004025
0.710142 0.000704
0.715143 0.003485
0.720144 -0.001944
0.725145 -0.002659
0.730146 0.000603
0.735147 0.002218
0.740148 -0.001497
0.745149 -0.003237
0.750150 0.002021
0.755151 0.001761
0.760152 -0.002272
0.765153 -0.001153
0.770154 0.002369
0.775155 -0.000681
0.780156 -0.000905
0.785157 0.000315
0.790158 -0.001289
0.795159 0.001924
0.800160 -0.000214
0.805161 -0.001392
0.810162 0.001746
0.815163 -0.000355
0.820164 -0.001333
0.825165 -0.000862
0.830166 0.000770
0.835167 0.002515
0.840168 -0.002208
0.845169 -0.002174
0.850170 0.001951
0.855171 0.000367
0.860172 0.000259
0.865173 -0.002403
0.870174 -0.000655
0.875175 0.002862
0.880176 -0.001619
0.885177 -0.001489
0.890178 0.001311
0.895179 0.000330
0.900180 -0.001672
0.905181 0.000173
0.910182 -0.000259
0.915183 0.001493
0.920184 0.000016
0.925185 -0.003427
0.930186 0.003019
0.935187 0.000149
0.940188 -0.001597
0.945189 0.000308
0.950190 -0.000797
0.955191 0.001382
0.960192 -0.000027
0.965193 -0.002821
0.970194 0.000623
0.975195 0.003150
0.980196 -0.003266
0.985197 -0.000967
0.990198 0.001837
0.995199 0.000145
1.000200 -0.000082
1.005201 -0.002346
1.010202 0.000914
1.015203 0.001547
1.020204 0.000335
1.025205 -0.002416
1.030206 -0.000855
1.035207 0.002641
1.040208 -0.001513
1.045209 -0.000448
1.050210 0.000052
1.055211 -0.000046
1.060212 0.000801
1.065213 -0.001513
1.070214 -0.000333
1.075215 0.001085
1.080216 0.000089
1.085217 -0.001537
1.090218 -0.000749
1.095219 0.002327
1.100220 0.000305
1.105221 -0.003288
1.110222 0.001226
1.115223 0.002080
1.120224 -0.002079
1.125225 0.000465
1.130226 -0.000645
1.135228 0.000965
1.140229 0.001442
1.145230 -0.003522
1.150231 0.001947
1.155232 0.002109
1.160233 -0.001003
1.165234 -0.001760
1.170235 0.000076
1.175236 0.003960
1.180237 -0.000419
1.185238 -0.002277
1.190239 -0.000290
1.195240 0.003471
1.200241 -0.000895
1.205242 -0.003610
1.210243 0.003880
1.215244 -0.000136
1.220245 -0.001479
1.225246 -0.000012
1.230247 -0.000182
1.235248 0.001886
1.240249 -0.002048
1.245250 -0.000930
1.250251 0.001062
1.255252 0.001108
1.260253 0.000457
1.265254 -0.002357
1.270255 0.000231
1.275256 0.001593
1.280257 -0.001058
1.285258 -0.000980
1.290259 -0.000072
1.295260 0.002378
1.300261 0.001554
1.305262 -0.003955
1.310263 0.001341
1.315264 0.002110
1.320265 -0.001737
1.325266 -0.000616
1.330267 -0.001222
1.335268 0.003447
1.340269 -0.001456
1.345270 -0.001266
1.350271 0.002298
1.355272 -0.001471
1.360273 0.000688
1.365274 -0.002479
1.370275 0.002429
1.375276 0.001875
1.380277 -0.002403
1.385278 0.000197
1.390279 -0.001632
1.395280 0.002603
1.400281 -0.001640
1.405282 -0.002226
1.410283 0.002469
1.415284 0.000862
1.420285 -0.000148
1.425286 -0.003656
1.430287 0.001805
1.435288 0.002031
1.440289 -0.002321
1.445290 0.000043
1.450291 0.000169
1.455292 0.000873
1.460293 -0.000898
1.465294 -0.000777
1.470295 -0.000011
1.475296 0.001656
1.480297 0.000232
1.485298 -0.003721
1.490299 0.001507
1.495300 0.002500
1.500301 -0.001855
1.505302 -0.003697
1.510303 0.003096
1.515304 0.002544
1.520305 -0.003068
1.525306 0.001219
1.530307 -0.001520
1.535308 0.001478
1.540309 0.002092
1.545310 -0.004477
1.550311 0.000890
1.555312 0.003464
1.560313 -0.000712
1.565314 -0.002340
1.570315 0.000361
1.575316 0.003208
1.580317 -0.000699
1.585318 -0.001303
1.590319 0.001076
1.595320 0.000643
1.600321 0.000257
1.605322 -0.003110
1.610323 0.002309
1.615324 0.002527
1.620325 -0.003144
1.625326 -0.000427
1.630327 0.001333
1.635328 0.001831
1.640329 -0.001164
1.645330 -0.000412
1.650331 0.000267
1.655332 0.001969
1.660333 -0.000707
1.665334 -0.003691
1.670335 0.003438
1.675336 0.001516
1.680337 -0.001593
1.685338 -0.001559
1.690339 0.002151
1.695340 0.001146
1.700341 -0.003200
1.705342 0.000964
1.710343 0.000222
1.715344 0.002013
1.720345 -0.000463
1.725346 -0.003177
1.730347 0.003028
1.735348 0.000673
1.740349 -0.000627
1.745350 -0.001396
1.750351 0.000463
1.755352 0.002696
1.760353 -0.002567
1.765354 -0.000686
1.770355 0.000200
1.775356 0.001543
1.780357 0.000060
1.785358 -0.002994
1.790359 0.002343
1.795360 -0.000214
1.800361 -0.001924
1.805362 0.000546
1.810363 -0.000724
1.815364 0.001809
1.820365 0.000074
1.825366 -0.003789
1.830367 0.002017
1.835368 0.001946
1.840369 -0.001327
1.845370 -0.000993
1.850371 -0.000918
1.855372 0.003221
1.860373 -0.001336
1.865374 -0.002084
1.870375 0.001810
1.875376 0.000401
1.880377 -0.000052
1.885378 -0.002451
1.890379 0.001778
1.895380 0.001812
1.900381 -0.001181
1.905382 -0.002019
1.910383 0.000378
1.915384 0.002795
1.920385 -0.002651
1.925386 0.000082
1.930387 0.000931
1.935388 0.001254
1.940389 -0.000464
1.945390 -0.002617
1.950391 0.002816
1.955392 -0.000027
1.960393 -0.000002
1.965394 -0.000766
1.970395 -0.000791
1.975396 0.003302
1.980397 -0.001069
1.985398 -0.001796
1.990399 0.001748
1.995400 0.000809
2.000401 -0.000914
2.005402 -0.001340
2.010403 0.000911
2.015404 0.002459
2.020405 -0.001981
2.025406 -0.001393
2.030407 0.001674
2.035408 0.000419
2.040409 0.000020
2.045410 -0.000951
2.050411 0.000282
2.055412 0.001216
2.060413 -0.000963
2.065414 -0.001565
2.070415 0.000835
2.075416 0.002352
2.080417 -0.000181
2.085418 -0.003278
2.090419 -0.000133
2.095420 0.003296
2.100421 -0.001712
2.105422 -0.001783
2.110423 0.001973
2.115424 0.000749
2.120425 -0.000938
2.125426 -0.001090
2.130427 -0.000419
2.135428 0.000865
2.140429 0.000819
2.145430 -0.002471
2.150431 0.000778
2.155432 0.001683
2.160433 -0.001471
2.165434 -0.000082
2.170435 0.000138
2.175436 0.001292
2.180437 -0.001020
2.185438 -0.000862
2.190439 0.000487
2.195440 0.000239
2.200441 0.000677
2.205442 -0.001341
2.210443 -0.000204
2.215444 -0.000461
2.220445 0.000893
2.225446 -0.000537
2.230447 0.000063
2.235448 0.002259
2.240449 -0.001957
2.245450 -0.001247
2.250451 -0.000895
2.255452 0.001387
2.260453 0.000559
2.265454 -0.002128
2.270455 0.000351
2.275456 0.001704
2.280457 -0.001578
2.285458 -0.001204
2.290459 0.001642
2.295460 -0.000752
2.300461 0.001056
2.305462 -0.001944
2.310463 -0.000158
2.315464 0.002647
2.320465 -0.001856
2.325466 -0.001184
2.330467 0.000870
2.335468 0.001711
2.340469 -0.000908
2.345470 -0.000078
2.350471 -0.000068
2.355472 -0.000741
2.360473 -0.000382
2.365474 0.001030
2.370475 0.000733
2.375476 -0.001483
2.380477 0.000910
2.385478 -0.003110
2.390479 0.000946
2.395480 0.003339
2.400481 -0.003689
2.405482 -0.000093
2.410483 0.000388
2.415484 0.001730
2.420485 -0.001316
2.425486 -0.002491
2.430487 0.002730
2.435488 -0.000142
2.440489 0.000267
2.445490 -0.001341
2.450491 0.000231
2.455492 0.001970
2.460493 -0.001846
2.465494 -0.000672
2.470495 0.000388
2.475496 0.000698
2.480497 0.000798
2.485498 -0.002342
2.490499 0.000673
2.495500 0.001460
2.500501 -0.001632
2.505502 0.000528
2.510503 -0.000675
2.515504 0.002214
2.520505 -0.002267
2.525506 -0.002928
2.530507 0.002303
2.535508 -0.000251
2.540509 0.000119
2.545510 -0.003621
2.550511 0.002007
2.555512 0.002204
2.560513 -0.003213
2.565514 0.000784
2.570515 -0.001086
2.575516 -0.000072
2.580517 0.000766
2.585518 -0.002009
2.590519 -0.000543
2.595520 0.001657
2.600521 0.000004
2.605522 -0.001871
2.610523 -0.000291
2.615524 0.001906
2.620525 -0.000368
2.625526 -0.003419
2.630527 0.001300
2.635528 0.002309
2.640529 -0.002847
2.645530 -0.000743
2.650531 0.002149
2.655532 -0.000094
2.660533 -0.000085
2.665534 -0.001181
2.670535 -0.000899
2.675536 0.002998
2.680537 -0.001408
2.685538 -0.001221
2.690539 -0.000043
2.695540 0.000399
2.700541 0.001945
2.705542 -0.004443
2.710543 0.001526
2.715544 0.001565
2.720545 -0.001111
2.725546 -0.000331
2.730547 -0.001015
2.735548 0.003038
2.740549 -0.002355
2.745550 -0.000463
2.750551 0.000936
2.755552 0.001310
2.760553 0.000080
2.765554 -0.002191
2.770555 0.002399
2.775556 -0.000290
2.780557 -0.000209
2.785558 -0.000877
2.790559 -0.000511
2.795560 0.002795
2.800561 -0.002019
2.805562 -0.003354
2.810563 0.004176
2.815564 0.001589
2.820565 -0.003636
2.825566 -0.000231
2.830567 0.000514
2.835568 0.001318
2.840569 -0.001892
2.845570 -0.000586
2.850571 0.002078
2.855572 -0.000811
2.860573 -0.000353
2.865574 -0.001987
2.870575 0.001068
2.875576 0.001687
2.880577 -0.002104
2.885578 -0.001515
2.890579 0.000335
2.895580 0.000473
2.900581 -0.000779
2.905582 -0.000933
2.910583 0.000350
2.915584 0.001650
2.920585 -0.002316
2.925586 -0.000120
2.930587 0.000025
2.935588 -0.000249
2.940589 0.000273
2.945590 -0.003162
2.950591 0.002722
2.955592 -0.000132
2.960593 -0.000918
2.965594 -0.001069
2.970595 -0.001424
2.975596 0.004268
2.980597 -0.002738
2.985598 -0.002559
2.990599 0.003640
2.995600 0.001236
3.000601 -0.003456
3.005602 -0.001494
3.010603 0.001832
3.015604 0.001758
3.020605 -0.000050
3.025606 -0.003423
3.030607 0.001339
3.035608 0.001898
3.040609 -0.002162
3.045610 -0.001045
3.050611 0.001177
3.055612 0.000294
3.060613 -0.001569
3.065614 -0.000289
3.070615 -0.000187
3.075616 0.000280
3.080617 0.000670
3.085618 -0.000485
3.090619 -0.001240
3.095620 0.002026
3.100621 -0.000705
3.105622 -0.002793
3.110623 0.002857
3.115624 0.001121
3.120625 -0.002031
3.125626 -0.000596
3.130627 0.002154
3.135628 -0.001376
3.140629 -0.001062
3.145630 0.000734
3.150631 -0.000377
3.155632 0.002485
3.160633 -0.001791
3.165634 -0.001937
3.170635 0.002520
3.175636 0.000779
3.180637 -0.002015
3.185638 -0.000133
3.190639 0.001158
3.195640 -0.000310
3.200641 -0.000132
3.205642 -0.001520
3.210643 0.001136
3.215644 0.001557
3.220645 -0.002118
3.225646 -0.001009
3.230647 0.001040
3.235648 0.000800
3.240649 -0.001319
3.245650 -0.000332
3.250651 0.000998
3.255652 -0.000348
3.260653 0.000378
3.265654 -0.001251
3.270655 -0.000352
3.275656 0.001853
3.280657 -0.002486
3.285658 -0.000076
3.290659 0.000459
3.295660 -0.000291
3.300661 0.000331
3.305662 -0.003275
3.310663 0.001479
3.315664 0.001210
3.320665 -0.002483
3.325666 -0.001371
3.330667 0.002053
3.335668 -0.001094
3.340669 -0.001926
3.345670 0.001710
3.350671 -0.001977
3.355672 0.001926
3.360673 -0.001704
3.365674 -0.001207
3.370675 0.001536
3.375676 0.000051
3.380677 0.001078
3.385678 -0.003754
3.390679 0.001976
3.395680 0.001482
3.400681 -0.002393
3.405683 -0.000698
3.410684 0.001752
3.415685 0.001346
3.420686 -0.002238
3.425687 -0.000321
3.430688 0.000057
3.435689 0.001932
3.440690 -0.001214
3.445691 -0.002462
3.450692 0.002114
3.455693 0.001741
3.460694 -0.001319
3.465695 -0.002613
3.470696 0.002932
3.475697 0.000799
3.480698 -0.003211
3.485699 0.000416
3.490700 0.000407
3.495701 0.000273
3.500702 0.000253
3.505703 -0.000925
3.510704 -0.001386
3.515705 0.001298
3.520706 0.000466
3.525707 -0.001691
3.530708 0.000900
3.535709 -0.000172
3.540710 0.000213
3.545711 -0.000770
3.550712 -0.000375
3.555713 0.001006
3.560714 -0.000934
3.565715 -0.002406
3.570716 0.000713
3.575717 0.004888
3.580718 -0.004344
3.585719 -0.000826
3.590720 0.002745
3.595721 -0.002144
3.600722 0.001453
3.605723 -0.003145
3.610724 0.002111
3.615725 0.002501
3.620726 -0.004513
3.625727 0.000297
3.630728 0.000834
3.635729 0.000895
3.640730 -0.001571
3.645731 -0.001723
3.650732 0.002220
3.655733 0.000096
3.660734 -0.000876
3.665735 -0.001326
3.670736 0.000362
3.675737 0.002018
3.680738 -0.002195
3.685739 -0.001382
3.690740 0.000724
3.695741 0.001807
3.700742 -0.000145
3.705743 -0.002756
3.710744 0.001619
3.715745 0.001142
3.720746 -0.001298
3.725747 -0.001534
3.730748 0.001296
3.735749 0.001655
3.740750 -0.002182
3.745751 -0.000590
3.750752 0.001352
3.755753 0.000528
3.760754 -0.001536
3.765755 -0.000481
3.770756 0.000597
3.775757 0.001184
3.780758 -0.000925
3.785759 -0.002193
3.790760 0.002102
3.795761 0.000038
3.800762 -0.001721
3.805763 0.000018
3.810764 0.000834
3.815765 0.000873
3.820766 -0.001696
3.825767 -0.002065
3.830768 0.002576
3.835769 0.001201
3.840770 -0.002512
3.845771 -0.000073
3.850772 0.000339
3.855773 0.001431
3.860774 -0.001522
3.865775 -0.001957
3.870776 0.002078
3.875777 0.001199
3.880778 -0.000899
3.885779 -0.002447
3.890780 0.001864
3.895781 0.000165
3.900782 -0.000845
3.905783 -0.000557
3.910784 -0.001775
3.915785 0.004195
3.920786 -0.001809
3.925787 -0.001940
3.930788 0.003359
3.935789 -0.000671
3.940790 -0.000531
3.945791 -0.002288
3.950792 0.001225
3.955793 0.002156
3.960794 -0.002613
3.965795 0.000126
3.970796 0.000552
3.975797 0.001416
3.980798 0.000139
3.985799 -0.004029
3.990800 0.001417
3.995801 0.002536
4.000802 -0.000855
4.005803 -0.001142
4.010804 -0.001743
4.015805 0.003252
4.020806 -0.001467
4.025807 -0.002036
4.030808 0.002576
4.035809 -0.000409
4.040810 0.000420
4.045811 -0.002437
4.050812 0.001964
4.055813 0.000981
4.060814 -0.002824
4.065815 -0.000269
4.070816 0.000292
4.075817 0.001946
4.080818 -0.001562
4.085819 -0.001537
4.090820 0.000752
4.095821 0.001329
4.100822 -0.001490
4.105823 -0.001084
4.110824 0.001202
4.115825 -0.000279
4.120826 -0.000621
4.125827 -0.001459
4.130828 0.001789
4.135829 0.000155
4.140830 -0.002748
4.145831 0.001149
4.150832 -0.000691
4.155833 0.000960
4.160834 -0.000117
4.165835 -0.003364
4.170836 0.002696
4.175837 0.000942
4.180838 -0.001551
4.185839 -0.001664
4.190840 0.001399
4.195841 0.000909
4.200842 -0.001002
4.205843 0.000108
4.210844 -0.000733
4.215845 0.003797
4.220846 -0.002483
4.225847 -0.001953
4.230848 0.003429
4.235849 -0.000263
4.240850 -0.001142
4.245851 -0.001682
4.250852 0.003186
4.255853 0.000855
4.260854 -0.002603
4.265855 0.000113
4.270856 0.000057
4.275857 0.001903
4.280858 -0.001553
4.285859 -0.001017
4.290860 0.002966
4.295861 -0.000221
4.300862 -0.000857
4.305863 -0.001416
4.310864 0.000150
4.315865 0.001846
4.320866 -0.001668
4.325867 -0.001484
4.330868 0.001168
4.335869 0.000416
4.340870 0.000096
4.345871 -0.001626
4.350872 0.000260
4.355873 0.001494
4.360874 -0.000599
4.365875 -0.000330
4.370876 -0.002033
4.375877 0.004066
4.380878 -0.000819
4.385879 -0.005134
4.390880 0.004326
4.395881 0.000009
4.400882 -0.002209
4.405883 0.000431
4.410884 0.001463
4.415885 0.001052
4.420886 -0.002517
4.425887 0.000397
4.430888 0.001258
4.435889 0.000653
4.440890 0.000291
4.445891 -0.002810
4.450892 0.002016
4.455893 0.001108
4.460894 -0.002294
4.465895 0.000469
4.470896 -0.000021
4.475897 0.001902
4.480898 -0.000071
4.485899 -0.001717
4.490900 0.001114
4.495901 0.000971
4.500902 -0.000943
4.505903 -0.000515
4.510904 0.001815
4.515905 0.000064
4.520906 -0.001532
4.525907 -0.000048
4.530908 0.000306
4.535909 0.001076
4.540910 0.000042
4.545911 -0.001659
4.550912 0.000604
4.555913 0.000959
4.560914 0.000588
4.565915 -0.002259
4.570916 0.001306
4.575917 0.002527
4.580918 -0.003078
4.585919 0.000410
4.590920 0.000901
4.595921 0.001399
4.600922 -0.000716
4.605923 -0.002333
4.610924 0.001774
4.615925 0.001560
4.620926 -0.001499
4.625927 -0.001555
4.630928 0.001300
4.635929 0.000291
4.640930 -0.001016
4.645931 -0.000660
4.650932 0.001374
4.655933 0.000758
4.660934 -0.002157
4.665935 0.000114
4.670936 0.002199
4.675937 0.000265
4.680938 0.000080
4.685939 -0.001805
4.690940 -0.000294
4.695941 0.003008
4.700942 -0.001118
4.705943 -0.001060
4.710944 0.000366
4.715945 0.001894
4.720946 0.001049
4.725947 -0.001033
4.730948 0.001643
4.735949 0.001693
4.740950 -0.000779
4.745951 -0.000366
4.750952 0.000915
4.755953 0.000170
4.760954 -0.000332
4.765955 -0.002607
4.770956 0.000250
4.775957 0.001230
4.780958 -0.000108
4.785959 -0.000572
4.790960 -0.000242
4.795961 0.003457
4.800962 -0.001360
4.805963 0.000154
4.810964 0.001742
4.815965 0.000951
4.820966 -0.000033
4.825967 -0.003693
4.830968 0.003785
4.835969 0.000688
4.840970 -0.002924
4.845971 -0.001248
4.850972 -0.000259
4.855973 0.003502
4.860974 -0.003924
4.865975 -0.004179
4.870976 -0.000651
4.875977 -0.001947
4.880978 -0.001093
4.885979 0.000794
4.890980 0.002887
4.895981 -0.000865
4.900982 -0.004555
4.905983 -0.004042
4.910984 0.000876
4.915985 0.004061
4.920986 0.000460
4.925987 -0.001654
4.930988 -0.001769
4.935989 -0.005336
4.940990 -0.004375
4.945991 -0.002183
4.950992 0.001772
4.955993 0.005776
4.960994 -0.001909
4.965995 -0.003161
4.970996 0.000400
4.975997 0.002052
4.980998 0.005295
4.985999 0.004304
4.991000 0.005346
4.996001 0.001278
5.001002 -0.004784
5.006003 -0.004237
5.011004 -0.005866
5.016005 -0.005167
5.021006 -0.007743
5.026007 -0.007200
5.031008 -0.001286
5.036009 0.000080
5.041010 0.004736
5.046011 0.006374
5.051012 0.006785
5.056013 0.005348
5.061014 0.008644
5.066015 0.012292
5.071016 0.012924
5.076017 0.011678
5.081018 -0.002494
5.086019 -0.009533
5.091020 -0.016353
5.096021 -0.016771
5.101022 -0.008687
5.106023 -0.009927
5.111024 -0.008793
5.116025 -0.009104
5.121026 -0.006492
5.126027 0.001901
5.131028 0.005356
5.136029 0.006481
5.141030 0.000951
5.146031 -0.005840
5.151032 0.004130
5.156033 0.013373
5.161034 0.014051
5.166035 0.010840
5.171036 0.001327
5.176037 -0.011399
5.181038 -0.023732
5.186039 -0.024509
5.191040 -0.010824
5.196041 0.016377
5.201042 0.023793
5.206043 0.005971
5.211044 -0.007279
5.216045 -0.017594
5.221046 -0.013537
5.226047 0.012729
5.231048 0.041297
5.236049 0.035382
5.241050 0.002485
5.246051 -0.021463
5.251052 -0.025197
5.256053 -0.006047
5.261054 0.008790
5.266055 0.011732
5.271056 0.002656
5.276057 -0.025283
5.281058 -0.043941
5.286059 -0.031976
5.291060 0.002902
5.296061 0.025819
5.301062 0.020761
5.306063 0.005632
5.311064 0.003999
5.316065 0.019616
5.321066 0.037566
5.326067 0.045740
5.331068 0.029348
5.336069 -0.000177
5.341070 -0.020083
5.346071 -0.018095
5.351072 -0.009529
5.356073 -0.008953
5.361074 -0.017371
5.366075 -0.034113
5.371076 -0.031501
5.376077 -0.015816
5.381078 0.003659
5.386079 0.021600
5.391080 0.019626
5.396081 0.004475
5.401082 -0.004834
5.406083 0.011506
5.411084 0.030442
5.416085 0.025411
5.421086 0.001529
5.426087 -0.026779
5.431088 -0.035549
5.436089 -0.017773
5.441090 0.007349
5.446091 0.009577
5.451092 -0.008849
5.456093 -0.018142
5.461094 -0.007168
5.466095 0.020937
5.471096 0.045305
5.476097 0.041513
5.481098 0.015058
5.486099 -0.007913
5.491100 -0.017170
5.496101 -0.014433
5.501102 -0.010854
5.506103 -0.011211
5.511104 -0.014553
5.516105 -0.033630
5.521106 -0.044059
5.526107 -0.034232
5.531108 -0.015873
5.536109 -0.000740
5.541110 0.003582
5.546111 0.017962
5.551112 0.029171
5.556113 0.030000
5.561114 0.025594
5.566115 0.021037
5.571116 0.023931
5.576117 0.016621
5.581118 0.008392
5.586119 0.011345
5.591120 0.012001
5.596121 -0.006755
5.601122 -0.029332
5.606123 -0.036698
5.611124 -0.025516
5.616125 -0.003868
5.621126 0.000047
5.626127 -0.001547
5.631128 0.001939
5.636129 0.002178
5.641130 0.002856
5.646131 0.010856
5.651132 0.020792
5.656133 0.014740
5.661134 -0.005141
5.666135 -0.015481
5.671137 -0.008356
5.676138 -0.008316
5.681139 -0.016356
5.686140 -0.016999
5.691141 -0.008898
5.696142 -0.009872
5.701143 -0.015717
5.706144 -0.007152
5.711145 0.003752
5.716146 0.012245
5.721147 0.011497
5.726148 0.009112
5.731149 0.011042
5.736150 0.009317
5.741151 0.002451
5.746152 -0.010924
5.751153 -0.014866
5.756154 -0.017900
5.761155 -0.024146
5.766156 -0.015491
5.771157 -0.014898
5.776158 -0.021330
5.781159 -0.013248
5.786160 -0.010812
5.791161 -0.012037
5.796162 -0.007811
5.801163 -0.000398
5.806164 0.012792
5.811165 0.015607
5.816166 0.007223
5.821167 0.001863
5.826168 0.005365
5.831169 0.012007
5.836170 0.017399
5.841171 0.016987
5.846172 0.013086
5.851173 0.017358
5.856174 0.010066
5.861175 -0.001594
5.866176 -0.000881
5.871177 0.003313
5.876178 0.009174
5.881179 0.007803
5.886180 -0.000211
5.891181 -0.010352
5.896182 -0.020414
5.901183 -0.018274
5.906184 0.009920
5.911185 0.038013
5.916186 0.034452
5.921187 0.008977
5.926188 -0.013435
5.931189 -0.017784
5.936190 -0.016407
5.941191 -0.016188
5.946192 -0.003352
5.951193 0.012570
5.956194 0.005283
5.961195 -0.008621
5.966196 -0.009372
5.971197 0.001950
5.976198 0.018118
5.981199 0.025334
5.986200 0.027514
5.991201 0.020169
5.996202 0.000297
6.001203 -0.014976
6.006204 -0.015816
6.011205 -0.011104
6.016206 -0.006214
6.021207 -0.010084
6.026208 -0.024121
6.031209 -0.028589
6.036210 -0.029939
6.041211 -0.023781
6.046212 -0.012125
6.051213 -0.005052
6.056214 0.007588
6.061215 0.016617
6.066216 0.026374
6.071217 0.027899
6.076218 0.023455
6.081219 0.016971
6.086220 0.003351
6.091221 -0.000650
6.096222 -0.004933
6.101223 -0.005028
6.106224 -0.006751
6.111225 -0.009828
6.116226 -0.015454
6.121227 -0.027870
6.126228 -0.021263
6.131229 -0.005293
6.136230 0.017390
6.141231 0.035098
6.146232 0.032731
6.151233 0.022663
6.156234 0.002277
6.161235 -0.018858
6.166236 -0.017112
6.171237 -0.004410
6.176238 -0.001862
6.181239 -0.013723
6.186240 -0.032801
6.191241 -0.031698
6.196242 -0.013763
6.201243 0.004996
6.206244 0.018319
6.211245 0.014476
6.216246 0.003933
6.221247 -0.003426
6.226248 -0.009484
6.231249 -0.007262
6.236250 0.002935
6.241251 0.004399
6.246252 -0.001881
6.251253 -0.003609
6.256254 -0.005999
6.261255 -0.008636
6.266256 -0.010091
6.271257 -0.016149
6.276258 -0.020823
6.281259 -0.016134
6.286260 -0.008952
6.291261 -0.003383
6.296262 -0.005295
6.301263 -0.015425
6.306264 -0.026311
6.311265 -0.033458
6.316266 -0.023339
6.321267 -0.006779
6.326268 0.014633
6.331269 0.024126
6.336270 0.008035
6.341271 -0.006805
6.346272 -0.006243
6.351273 0.010934
6.356274 0.013803
6.361275 0.004075
6.366276 -0.005725
6.371277 -0.009854
6.376278 -0.009714
6.381279 -0.011831
6.386280 0.002745
6.391281 0.016612
6.396282 0.019806
6.401283 0.008291
6.406284 -0.011065
6.411285 -0.025727
6.416286 -0.029896
6.421287 -0.012747
6.426288 0.007786
6.431289 0.022745
6.436290 0.011387
6.441291 -0.015175
6.446292 -0.025208
6.451293 -0.021397
6.456294 -0.004383
6.461295 0.006924
6.466296 0.016698
6.471297 0.033562
6.476298 0.052520
6.481299 0.061759
6.486300 0.055206
6.491301 0.046994
6.496302 0.034820
6.501303 0.026029
6.506304 0.025385
6.511305 0.024259
6.516306 0.008325
6.521307 -0.016036
6.526308 -0.030352
6.531309 -0.025093
6.536310 -0.008079
6.541311 0.006568
6.546312 0.021808
6.551313 0.020088
6.556314 0.000827
6.561315 -0.012171
6.566316 -0.008360
6.571317 0.005392
6.576318 0.009161
6.581319 -0.004755
6.586320 -0.019281
6.591321 -0.022164
6.596322 -0.013273
6.601323 -0.002636
6.606324 -0.007860
6.611325 -0.031300
6.616326 -0.056660
6.621327 -0.061421
6.626328 -0.044289
6.631329 -0.014759
6.636330 -0.001297
6.641331 -0.011999
6.646332 -0.030715
6.651333 -0.040112
6.656334 -0.035261
6.661335 -0.034925
6.666336 -0.029525
6.671337 -0.026411
6.676338 -0.024301
6.681339 -0.014347
6.686340 -0.003751
6.691341 0.011347
6.696342 0.021476
6.701343 0.029021
6.706344 0.044904
6.711345 0.068886
6.716346 0.084826
6.721347 0.088667
6.726348 0.083821
6.731349 0.073712
6.736350 0.067071
6.741351 0.054484
6.746352 0.043351
6.751353 0.028025
6.756354 -0.004851
6.761355 -0.032109
6.766356 -0.041446
6.771357 -0.033230
6.776358 -0.028319
6.781359 -0.038847
6.786360 -0.047361
6.791361 -0.045519
6.796362 -0.040919
6.801363 -0.042857
6.806364 -0.041442
6.811365 -0.041194
6.816366 -0.035992
6.821367 -0.024511
6.826368 -0.016707
6.831369 -0.010830
6.836370 -0.018368
6.841371 -0.026320
6.846372 -0.019797
6.851373 0.003577
6.856374 0.033371
6.861375 0.058542
6.866376 0.073092
6.871377 0.073873
6.876378 0.071069
6.881379 0.059040
6.886380 0.041388
6.891381 0.021254
6.896382 -0.007399
6.901383 -0.039716
6.906384 -0.070533
6.911385 -0.092672
6.916386 -0.112668
6.921387 -0.130274
6.926388 -0.139821
6.931389 -0.139696
6.936390 -0.119537
6.941391 -0.086604
6.946392 -0.045677
6.951393 -0.017250
6.956394 -0.015239
6.961395 -0.023491
6.966396 -0.027618
6.971397 -0.008730
6.976398 0.020762
6.981399 0.045003
6.986400 0.054017
6.991401 0.048773
6.996402 0.042147
7.001403 0.043078
7.006404 0.057454
7.011405 0.062040
7.016406 0.052458
7.021407 0.033388
7.026408 0.016061
7.031409 0.015335
7.036410 0.020921
7.041411 0.017679
7.046412 0.003347
7.051413 -0.017168
7.056414 -0.034609
7.061415 -0.031025
7.066416 -0.012612
7.071417 0.011101
7.076418 0.020946
7.081419 0.021537
7.086420 0.038042
7.091421 0.075196
7.096422 0.133292
7.101423 0.196841
7.106424 0.259373
7.111425 0.316865
7.116426 0.366707
7.121427 0.409179
7.126428 0.454698
7.131429 0.495126
7.136430 0.515783
7.141431 0.518000
7.146432 0.492460
7.151433 0.450700
7.156434 0.387965
7.161435 0.317307
7.166436 0.257916
7.171437 0.185094
7.176438 0.111555
7.181439 0.051834
7.186440 0.003149
7.191441 -0.026029
7.196442 -0.049592
7.201443 -0.073714
7.206444 -0.104949
7.211445 -0.146367
7.216446 -0.186798
7.221447 -0.230233
7.226448 -0.259444
7.231449 -0.286511
7.236450 -0.321260
7.241451 -0.349752
7.246452 -0.387139
7.251453 -0.426733
7.256454 -0.460603
7.261455 -0.477244
7.266456 -0.481990
7.271457 -0.471901
7.276458 -0.439725
7.281459 -0.402774
7.286460 -0.346701
7.291461 -0.295911
7.296462 -0.262953
7.301463 -0.237635
7.306464 -0.218850
7.311465 -0.184838
7.316466 -0.152663
7.321467 -0.122532
7.326468 -0.092119
7.331469 -0.078903
7.336470 -0.078358
7.341471 -0.083253
7.346472 -0.087081
7.351473 -0.103522
7.356474 -0.136841
7.361475 -0.172668
7.366476 -0.198364
7.371477 -0.203918
7.376478 -0.186105
7.381479 -0.145740
7.386480 -0.090492
7.391481 -0.030094
7.396482 0.014949
7.401483 0.045654
7.406484 0.071819
7.411485 0.081009
7.416486 0.082990
7.421487 0.083119
7.426488 0.084566
7.431489 0.095792
7.436490 0.110558
7.441491 0.144032
7.446492 0.190589
7.451493 0.237061
7.456494 0.279113
7.461495 0.297996
7.466496 0.305585
7.471497 0.305763
7.476498 0.298383
7.481499 0.286965
7.486500 0.273733
7.491501 0.269655
7.496502 0.259148
7.501503 0.244764
7.506504 0.225959
7.511505 0.194923
7.516506 0.154719
7.521507 0.098827
7.526508 0.050277
7.531509 0.016080
7.536510 -0.010906
7.541511 -0.024240
7.546512 -0.027671
7.551513 -0.028325
7.556514 -0.033666
7.561515 -0.042173
7.566516 -0.050413
7.571517 -0.053220
7.576518 -0.050101
7.581519 -0.041467
7.586520 -0.028790
7.591521 -0.012316
7.596522 0.003546
7.601523 0.013928
7.606524 0.023415
7.611525 0.022124
7.616526 0.016321
7.621527 -0.000031
7.626528 -0.030159
7.631529 -0.056036
7.636530 -0.094408
7.641531 -0.135086
7.646532 -0.156686
7.651533 -0.174630
7.656534 -0.184573
7.661535 -0.186341
7.666536 -0.189218
7.671537 -0.185264
7.676538 -0.179680
7.681539 -0.163623
7.686540 -0.134865
7.691541 -0.103538
7.696542 -0.071000
7.701543 -0.044505
7.706544 -0.019139
7.711545 0.008327
7.716546 0.033837
7.721547 0.059223
7.726548 0.086096
7.731549 0.108135
7.736550 0.119279
7.741551 0.118522
7.746552 0.111382
7.751553 0.093638
7.756554 0.064492
7.761555 0.027277
7.766556 -0.013046
7.771557 -0.038280
7.776558 -0.058072
7.781559 -0.074247
7.786560 -0.079548
7.791561 -0.087494
7.796562 -0.090080
7.801563 -0.081845
7.806564 -0.066275
7.811565 -0.032785
7.816566 0.004857
7.821567 0.032707
7.826568 0.063902
7.831569 0.090813
7.836570 0.108298
7.841571 0.123217
7.846572 0.130474
7.851573 0.133476
7.856574 0.130895
7.861575 0.119002
7.866576 0.109375
7.871577 0.097121
7.876578 0.080625
7.881579 0.065733
7.886580 0.049559
7.891581 0.044646
7.896582 0.039247
7.901583 0.034801
7.906584 0.035180
7.911585 0.027812
7.916586 0.016075
7.921587 -0.009294
7.926588 -0.033956
7.931589 -0.051575
7.936590 -0.069027
7.941592 -0.077433
7.946593 -0.075281
7.951594 -0.068640
7.956595 -0.064147
7.961596 -0.061637
7.966597 -0.055888
7.971598 -0.043801
7.976599 -0.024546
7.981600 0.004204
7.986601 0.038580
7.991602 0.069189
7.996603 0.091068
8.001604 0.108539
8.006605 0.120787
8.011606 0.132437
8.016607 0.135209
8.021608 0.132422
8.026609 0.132567
8.031610 0.112675
8.036611 0.086083
8.041612 0.054205
8.046613 0.025315
8.051614 0.007141
8.056615 -0.013679
8.061616 -0.019019
8.066617 -0.022753
8.071618 -0.023337
8.076619 -0.020148
8.081620 -0.022542
8.086621 -0.019208
8.091622 -0.019881
8.096623 -0.028016
8.101624 -0.044664
8.106625 -0.056898
8.111626 -0.057605
8.116627 -0.059112
8.121628 -0.057117
8.126629 -0.050458
8.131630 -0.044836
8.136631 -0.041192
8.141632 -0.041050
8.146633 -0.035051
8.151634 -0.024742
8.156635 -0.017224
8.161636 -0.008242
8.166637 0.000937
8.171638 0.012151
8.176639 0.014339
8.181640 0.005507
8.186641 -0.010607
8.191642 -0.030722
8.196643 -0.049134
8.201644 -0.070219
8.206645 -0.087341
8.211646 -0.097510
8.216647 -0.104669
8.221648 -0.109304
8.226649 -0.096285
8.231650 -0.076435
8.236651 -0.056592
8.241652 -0.034181
8.246653 -0.010330
8.251654 0.017991
8.256655 0.031077
8.261656 0.049338
8.266657 0.060216
8.271658 0.065739
8.276659 0.074084
8.281660 0.063174
8.286661 0.058352
8.291662 0.048815
8.296663 0.035968
8.301664 0.026341
8.306665 0.023205
8.311666 0.029906
8.316667 0.037843
8.321668 0.046890
8.326669 0.046449
8.331670 0.045508
8.336671 0.040220
8.341672 0.030640
8.346673 0.023037
8.351674 0.015790
8.356675 0.002604
8.361676 -0.018925
8.366677 -0.038649
8.371678 -0.059148
8.376679 -0.072539
8.381680 -0.086755
8.386681 -0.098992
8.391682 -0.100047
8.396683 -0.103990
8.401684 -0.098522
8.406685 -0.086397
8.411686 -0.062961
8.416687 -0.035006
8.421688 -0.014197
8.426689 0.018190
8.431690 0.044747
8.436691 0.066335
8.441692 0.079500
8.446693 0.084776
8.451694 0.086011
8.456695 0.073471
8.461696 0.057604
8.466697 0.037486
8.471698 0.023715
8.476699 0.004629
8.481700 -0.019998
8.486701 -0.037780
8.491702 -0.055194
8.496703 -0.069220
8.501704 -0.077638
8.506705 -0.076109
8.511706 -0.072716
8.516707 -0.070869
8.521708 -0.072909
8.526709 -0.077234
8.531710 -0.077342
8.536711 -0.078282
8.541712 -0.075600
8.546713 -0.061715
8.551714 -0.039764
8.556715 -0.018545
8.561716 0.003662
8.566717 0.027872
8.571718 0.047989
8.576719 0.059524
8.581720 0.057301
8.586721 0.053447
8.591722 0.049911
8.596723 0.036295
8.601724 0.021895
8.606725 0.012866
8.611726 0.008631
8.616727 0.004234
8.621728 -0.002277
8.626729 -0.002078
8.631730 -0.004473
8.636731 -0.012912
8.641732 -0.017114
8.646733 -0.026033
8.651734 -0.032561
8.656735 -0.029421
8.661736 -0.025631
8.666737 -0.012763
8.671738 0.008732
8.676739 0.025038
8.681740 0.035176
8.686741 0.043431
8.691742 0.049458
8.696743 0.052198
8.701744 0.053872
8.706745 0.054529
8.711746 0.056701
8.716747 0.055797
8.721748 0.041654
8.726749 0.031077
8.731750 0.021398
8.736751 0.004840
8.741752 -0.008024
8.746753 -0.019086
8.751754 -0.026940
8.756755 -0.035464
8.761756 -0.032356
8.766757 -0.019120
8.771758 0.000423
8.776759 0.025723
8.781760 0.044453
8.786761 0.069220
8.791762 0.089297
8.796763 0.097320
8.801764 0.097712
8.806765 0.094491
8.811766 0.084229
8.816767 0.059567
8.821768 0.032808
8.826769 0.005584
8.831770 -0.013528
8.836771 -0.026427
8.841772 -0.029172
8.846773 -0.016473
8.851774 0.000147
8.856775 0.016735
8.861776 0.025149
8.866777 0.034940
8.871778 0.045827
8.876779 0.051058
8.881780 0.060293
8.886781 0.070139
8.891782 0.080881
8.896783 0.083731
8.901784 0.072610
8.906785 0.063803
8.911786 0.049835
8.916787 0.027449
8.921788 0.006863
8.926789 -0.008337
8.931790 -0.016306
8.936791 -0.016162
8.941792 -0.011068
8.946793 -0.002951
8.951794 0.011261
8.956795 0.013204
8.961796 0.008967
8.966797 0.008684
8.971798 0.002699
8.976799 -0.000781
8.981800 -0.008391
8.986801 -0.020425
8.991802 -0.032254
8.996803 -0.049914
9.001804 -0.064002
9.006805 -0.074166
9.011806 -0.078774
9.016807 -0.079362
9.021808 -0.090823
9.026809 -0.100200
9.031810 -0.103645
9.036811 -0.114322
9.041812 -0.124085
9.046813 -0.122888
9.051814 -0.119226
9.056815 -0.114153
9.061816 -0.101195
9.066817 -0.085444
9.071818 -0.064292
9.076819 -0.048513
9.081820 -0.037462
9.086821 -0.017598
9.091822 0.000824
9.096823 0.018201
9.101824 0.031392
9.106825 0.045468
9.111826 0.065824
9.116827 0.071839
9.121828 0.065914
9.126829 0.053570
9.131830 0.033143
9.136831 0.008057
9.141832 -0.024893
9.146833 -0.049550
9.151834 -0.066183
9.156835 -0.086683
9.161836 -0.100477
9.166837 -0.105433
9.171838 -0.105880
9.176839 -0.108216
9.181840 -0.102543
9.186841 -0.083317
9.191842 -0.063598
9.196843 -0.037147
9.201844 -0.003541
9.206845 0.031439
9.211846 0.068046
9.216847 0.096151
9.221848 0.118144
9.226849 0.134994
9.231850 0.143988
9.236851 0.146506
9.241852 0.142050
9.246853 0.132948
9.251854 0.122093
9.256855 0.106955
9.261856 0.079210
9.266857 0.058463
9.271858 0.037829
9.276859 0.014459
9.281860 0.003359
9.286861 -0.009871
9.291862 -0.016045
9.296863 -0.022943
9.301864 -0.033764
9.306865 -0.038163
9.311866 -0.038436
9.316867 -0.035305
9.321868 -0.026751
9.326869 -0.010505
9.331870 0.005713
9.336871 0.019648
9.341872 0.026731
9.346873 0.034655
9.351874 0.041784
9.356875 0.041649
9.361876 0.039116
9.366877 0.038609
9.371878 0.037030
9.376879 0.027272
9.381880 0.016076
9.386881 0.001477
9.391882 -0.008956
9.396883 -0.019493
9.401884 -0.033520
9.406885 -0.035860
9.411886 -0.032123
9.416887 -0.030548
9.421888 -0.029340
9.426889 -0.023699
9.431890 -0.018747
9.436891 -0.015648
9.441892 -0.017747
9.446893 -0.020470
9.451894 -0.015994
9.456895 -0.019936
9.461896 -0.029584
9.466897 -0.034005
9.471898 -0.035027
9.476899 -0.033897
9.481900 -0.031985
9.486901 -0.020928
9.491902 -0.002618
9.496903 0.013800
9.501904 0.027329
9.506905 0.043999
9.511906 0.060162
9.516907 0.063689
9.521908 0.063116
9.526909 0.054876
9.531910 0.038138
9.536911 0.011048
9.541912 -0.019235
9.546913 -0.041741
9.551914 -0.064112
9.556915 -0.074649
9.561916 -0.078266
9.566917 -0.070253
9.571918 -0.049733
9.576919 -0.028532
9.581920 -0.005106
9.586921 0.019563
9.591922 0.048181
9.596923 0.063939
9.601924 0.068603
9.606925 0.072148
9.611926 0.063134
9.616927 0.047153
9.621928 0.028357
9.626929 0.014317
9.631930 0.008240
9.636931 -0.002780
9.641932 -0.004702
9.646933 -0.002314
9.651934 0.005448
9.656935 0.019979
9.661936 0.023381
9.666937 0.037838
9.671938 0.044701
9.676939 0.042015
9.681940 0.042630
9.686941 0.032421
9.691942 0.029963
9.696943 0.017592
9.701944 -0.005734
9.706945 -0.017999
9.711946 -0.031216
9.716947 -0.052365
9.721948 -0.063388
9.726949 -0.067150
9.731950 -0.068516
9.736951 -0.059176
9.741952 -0.053630
9.746953 -0.033272
9.751954 -0.011344
9.756955 0.003931
9.761956 0.019901
9.766957 0.025010
9.771958 0.036786
9.776959 0.036159
9.781960 0.029963
9.786961 0.025746
9.791962 0.012491
9.796963 -0.004751
9.801964 -0.028122
9.806965 -0.045583
9.811966 -0.060860
9.816967 -0.074418
9.821968 -0.078566
9.826969 -0.076408
9.831970 -0.073355
9.836971 -0.065831
9.841972 -0.060288
9.846973 -0.058579
9.851974 -0.052125
9.856975 -0.053834
9.861976 -0.056159
9.866977 -0.056047
9.871978 -0.059291
9.876979 -0.057190
9.881980 -0.053515
9.886981 -0.046380
9.891982 -0.032465
9.896983 -0.016149
9.901984 -0.003347
9.906985 0.012827
9.911986 0.033226
9.916987 0.043993
9.921988 0.054819
9.926989 0.067879
9.931990 0.075195
9.936991 0.075437
9.941992 0.068741
9.946993 0.058974
9.951994 0.050709
9.956995 0.038715
9.961996 0.020741
9.966997 0.008627
9.971998 -0.000594
9.976999 -0.009777
9.982000 -0.015092
9.987001 -0.010936
9.992002 -0.002787
9.997003 0.004405
10.002004 0.017534
10.007005 0.032522
10.012006 0.045534
10.017007 0.061657
10.022008 0.075530
10.027009 0.083423
10.032010 0.093798
10.037011 0.096610
10.042012 0.092146
10.047013 0.089460
10.052014 0.086215
10.057015 0.077086
10.062016 0.063759
10.067017 0.056881
10.072018 0.046311
10.077019 0.034303
10.082020 0.024501
10.087021 0.010623
10.092022 0.006112
10.097023 -0.000505
10.102024 -0.010565
10.107025 -0.011555
10.112026 -0.019885
10.117027 -0.030787
10.122028 -0.041424
10.127029 -0.056787
10.132030 -0.064218
10.137031 -0.077326
10.142032 -0.097951
10.147033 -0.104369
10.152034 -0.114573
10.157035 -0.127548
10.162036 -0.129635
10.167037 -0.130513
10.172038 -0.117811
10.177039 -0.102038
10.182040 -0.082644
10.187041 -0.051002
10.192042 -0.021893
10.197043 0.009524
10.202044 0.031452
10.207046 0.052118
10.212047 0.075138
10.217048 0.078811
10.222049 0.074979
10.227050 0.069209
10.232051 0.058104
10.237052 0.042533
10.242053 0.024693
10.247054 0.012297
10.252055 0.004857
10.257056 -0.005480
10.262057 -0.015782
10.267058 -0.019224
10.272059 -0.022967
10.277060 -0.023318
10.282061 -0.022213
10.287062 -0.021520
10.292063 -0.013271
10.297064 -0.010713
10.302065 -0.010043
10.307066 -0.005030
10.312067 0.002428
10.317068 0.007031
10.322069 0.009145
10.327070 0.019338
10.332071 0.027213
10.337072 0.032160
10.342073 0.037766
10.347074 0.045831
10.352075 0.055339
10.357076 0.058684
10.362077 0.060486
10.367078 0.066008
10.372079 0.069259
10.377080 0.069244
10.382081 0.064843
10.387082 0.058003
10.392083 0.050861
10.397084 0.035025
10.402085 0.017769
10.407086 0.002318
10.412087 -0.011451
10.417088 -0.026676
10.422089 -0.043044
10.427090 -0.052234
10.432091 -0.058071
10.437092 -0.063465
10.442093 -0.066571
10.447094 -0.062493
10.452095 -0.055915
10.457096 -0.053655
10.462097 -0.044980
10.467098 -0.032183
10.472099 -0.024282
10.477100 -0.012331
10.482101 -0.006032
10.487102 0.000147
10.492103 0.014157
10.497104 0.020061
10.502105 0.018847
10.507106 0.022573
10.512107 0.029109
10.517108 0.022804
10.522109 0.021091
10.527110 0.020112
10.532111 0.012783
10.537112 0.007181
10.542113 -0.004382
10.547114 -0.011210
10.552115 -0.016821
10.557116 -0.025462
10.562117 -0.037610
10.567118 -0.043050
10.572119 -0.049064
10.577120 -0.059360
10.582121 -0.061585
10.587122 -0.064244
10.592123 -0.059590
10.597124 -0.053163
10.602125 -0.045166
10.607126 -0.034613
10.612127 -0.019282
10.617128 0.000744
10.622129 0.014537
10.627130 0.032145
10.632131 0.052665
10.637132 0.066324
10.642133 0.072189
10.647134 0.078065
10.652135 0.077464
10.657136 0.074311
10.662137 0.068142
10.667138 0.055331
10.672139 0.052504
10.677140 0.041824
10.682141 0.029497
10.687142 0.025836
10.692143 0.019788
10.697144 0.016578
10.702145 0.009632
10.707146 0.005341
10.712147 0.004370
10.717148 -0.004316
10.722149 -0.020344
10.727150 -0.030522
10.732151 -0.037690
10.737152 -0.052897
10.742153 -0.058644
10.747154 -0.060530
10.752155 -0.058283
10.757156 -0.049078
10.762157 -0.042130
10.767158 -0.024996
10.772159 -0.001600
10.777160 0.017655
10.782161 0.036632
10.787162 0.060995
10.792163 0.079305
10.797164 0.090310
10.802165 0.097449
10.807166 0.102150
10.812167 0.104989
10.817168 0.094975
10.822169 0.082980
10.827170 0.066710
10.832171 0.047898
10.837172 0.026753
10.842173 -0.002924
10.847174 -0.027375
10.852175 -0.047269
10.857176 -0.068079
10.862177 -0.089244
10.867178 -0.099142
10.872179 -0.105911
10.877180 -0.113215
10.882181 -0.116001
10.887182 -0.114831
10.892183 -0.103724
10.897184 -0.101386
10.902185 -0.095000
10.907186 -0.080509
10.912187 -0.071709
10.917188 -0.059265
10.922189 -0.048863
10.927190 -0.035322
10.932191 -0.020137
10.937192 -0.007091
10.942193 0.005815
10.947194 0.020516
10.952195 0.034540
10.957196 0.041112
10.962197 0.047160
10.967198 0.049460
10.972199 0.051087
10.977200 0.048668
10.982201 0.035526
10.987202 0.030913
10.992203 0.024503
10.997204 0.006662
11.002205 -0.005570
11.007206 -0.015515
11.012207 -0.023508
11.017208 -0.035052
11.022209 -0.044575
11.027210 -0.043686
11.032211 -0.047914
11.037212 -0.047793
11.042213 -0.043735
11.047214 -0.040597
11.052215 -0.027983
11.057216 -0.016641
11.062217 -0.007081
11.067218 0.009999
11.072219 0.025689
11.077220 0.040879
11.082221 0.054976
11.087222 0.064623
11.092223 0.077944
11.097224 0.082667
11.102225 0.082313
11.107226 0.085543
11.112227 0.083774
11.117228 0.079309
11.122229 0.072786
11.127230 0.069545
11.132231 0.068025
11.137232 0.061205
11.142233 0.054879
11.147234 0.052407
11.152235 0.045301
11.157236 0.035037
11.162237 0.026508
11.167238 0.013693
11.172239 0.002098
11.177240 -0.009669
11.182241 -0.022312
11.187242 -0.031110
11.192243 -0.034071
11.197244 -0.034748
11.202245 -0.039064
11.207246 -0.033084
11.212247 -0.025382
11.217248 -0.025068
11.222249 -0.021194
11.227250 -0.018091
11.232251 -0.020401
11.237252 -0.021424
11.242253 -0.026759
11.247254 -0.035395
11.252255 -0.036065
11.257256 -0.044134
11.262257 -0.052606
11.267258 -0.055384
11.272259 -0.055477
11.277260 -0.056436
11.282261 -0.063276
11.287262 -0.062026
11.292263 -0.063086
11.297264 -0.067750
11.302265 -0.070389
11.307266 -0.073449
11.312267 -0.073966
11.317268 -0.079687
11.322269 -0.087928
11.327270 -0.087597
11.332271 -0.087406
11.337272 -0.086996
11.342273 -0.085654
11.347274 -0.079352
11.352275 -0.064579
11.357276 -0.057579
11.362277 -0.042510
11.367278 -0.025584
11.372279 -0.006815
11.377280 0.013867
11.382281 0.025301
11.387282 0.048738
11.392283 0.067186
11.397284 0.077530
11.402285 0.089408
11.407286 0.097792
11.412287 0.103910
11.417288 0.108304
11.422289 0.105241
11.427290 0.102649
11.432291 0.104899
11.437292 0.093489
11.442293 0.086948
11.447294 0.086646
11.452295 0.084948
11.457296 0.084925
11.462297 0.086922
11.467298 0.095072
11.472299 0.102989
11.477300 0.110112
11.482301 0.109269
11.487302 0.112890
11.492303 0.114575
11.497304 0.106601
11.502305 0.100965
11.507306 0.091756
11.512307 0.082814
11.517308 0.073165
11.522309 0.059470
11.527310 0.050424
11.532311 0.045508
11.537312 0.034513
11.542313 0.026061
11.547314 0.023440
11.552315 0.020227
11.557316 0.014537
11.562317 0.011867
11.567318 0.009731
11.572319 0.003891
11.577320 -0.003612
11.582321 -0.016698
11.587322 -0.027340
11.592323 -0.039753
11.597324 -0.050440
11.602325 -0.063479
11.607326 -0.075059
11.612327 -0.075134
11.617328 -0.080645
11.622329 -0.081237
11.627330 -0.074724
11.632331 -0.068852
11.637332 -0.062929
11.642333 -0.061895
11.647334 -0.060333
11.652335 -0.057898
11.657336 -0.061060
11.662337 -0.070051
11.667338 -0.079621
11.672339 -0.085452
11.677340 -0.094345
11.682341 -0.102483
11.687342 -0.105314
11.692343 -0.104706
11.697344 -0.103018
11.702345 -0.102810
11.707346 -0.094459
11.712347 -0.084033
11.717348 -0.077402
11.722349 -0.068380
11.727350 -0.058387
11.732351 -0.047755
11.737352 -0.037701
11.742353 -0.034414
11.747354 -0.025407
11.752355 -0.017134
11.757356 -0.018340
11.762357 -0.013730
11.767358 -0.013356
11.772359 -0.011854
11.777360 -0.011993
11.782361 -0.012278
11.787362 -0.006473
11.792363 -0.003939
11.797364 0.006795
11.802365 0.014373
11.807366 0.025209
11.812367 0.040763
11.817368 0.046823
11.822369 0.058052
11.827370 0.067546
11.832371 0.072254
11.837372 0.075059
11.842373 0.070274
11.847374 0.063878
11.852375 0.056438
11.857376 0.038629
11.862377 0.022520
11.867378 0.012212
11.872379 -0.001753
11.877380 -0.012441
11.882381 -0.020813
11.887382 -0.022266
11.892383 -0.021495
11.897384 -0.020486
11.902385 -0.014975
11.907386 -0.006678
11.912387 0.003886
11.917388 0.012677
11.922389 0.019643
11.927390 0.027490
11.932391 0.037177
11.937392 0.042002
11.942393 0.046867
11.947394 0.052703
11.952395 0.061047
11.957396 0.067497
11.962397 0.067889
11.967398 0.073973
11.972399 0.079369
11.977400 0.077744
11.982401 0.072434
11.987402 0.069515
11.992403 0.064731
11.997404 0.047316
12.002405 0.034394
12.007406 0.026506
12.012407 0.012266
12.017408 0.000512
12.022409 -0.014042
12.027410 -0.021117
12.032411 -0.025518
12.037412 -0.033255
12.042413 -0.036923
12.047414 -0.038162
12.052415 -0.033140
12.057416 -0.034196
12.062417 -0.028879
12.067418 -0.020512
12.072419 -0.012710
12.077420 0.002221
12.082421 0.013089
12.087422 0.029075
12.092423 0.040031
12.097424 0.051613
12.102425 0.064005
12.107426 0.066930
12.112427 0.074204
12.117428 0.073510
12.122429 0.072422
12.127430 0.068448
12.132431 0.059688
12.137432 0.056309
12.142433 0.039957
12.147434 0.030546
12.152435 0.021114
12.157436 -0.000405
12.162437 -0.012892
12.167438 -0.029191
12.172439 -0.042377
12.177440 -0.055031
12.182441 -0.076962
12.187442 -0.089655
12.192443 -0.102795
12.197444 -0.125406
12.202445 -0.141958
12.207446 -0.151810
12.212447 -0.162552
12.217448 -0.173129
12.222449 -0.182816
12.227450 -0.179969
12.232451 -0.171187
12.237452 -0.164916
12.242453 -0.151807
12.247454 -0.131784
12.252455 -0.106955
12.257456 -0.083709
12.262457 -0.060412
12.267458 -0.032763
12.272459 -0.007410
12.277460 0.007836
12.282461 0.022454
12.287462 0.038333
12.292463 0.045338
12.297464 0.047027
12.302465 0.047144
12.307466 0.042154
12.312467 0.037081
12.317468 0.026690
12.322469 0.009762
12.327470 0.003289
12.332471 -0.005091
12.337472 -0.015714
12.342473 -0.020371
12.347474 -0.020106
12.352475 -0.018284
12.357476 -0.015946
12.362477 -0.005366
12.367478 0.002151
12.372479 0.015316
12.377480 0.031623
12.382481 0.042155
12.387482 0.059621
12.392483 0.078686
12.397484 0.092691
12.402485 0.101456
12.407486 0.114587
12.412487 0.129313
12.417488 0.138678
12.422489 0.147226
12.427490 0.157035
12.432491 0.167132
12.437492 0.168349
12.442493 0.166001
12.447494 0.164299
12.452495 0.158483
12.457496 0.144435
12.462497 0.125734
12.467498 0.110658
12.472499 0.089664
12.477501 0.066199
12.482502 0.045557
12.487503 0.029216
12.492504 0.017318
12.497505 -0.000731
12.502506 -0.008887
12.507507 -0.008020
12.512508 -0.009914
12.517509 -0.003846
12.522510 -0.002201
12.527511 0.000494
12.532512 0.007652
12.537513 0.005584
12.542514 0.002378
12.547515 -0.003857
12.552516 -0.007353
12.557517 -0.017285
12.562518 -0.033581
12.567519 -0.043428
12.572520 -0.055977
12.577521 -0.070507
12.582522 -0.084844
12.587523 -0.090758
12.592524 -0.096326
12.597525 -0.100582
12.602526 -0.100949
12.607527 -0.099698
12.612528 -0.091500
12.617529 -0.087128
12.622530 -0.082045
12.627531 -0.075743
12.632532 -0.065623
12.637533 -0.058814
12.642534 -0.057786
12.647535 -0.054298
12.652536 -0.054145
12.657537 -0.058030
12.662538 -0.066652
12.667539 -0.068799
12.672540 -0.073614
12.677541 -0.081326
12.682542 -0.083611
12.687543 -0.083497
12.692544 -0.080271
12.697545 -0.077996
12.702546 -0.074518
12.707547 -0.069099
12.712548 -0.055345
12.717549 -0.047949
12.722550 -0.040988
12.727551 -0.026743
12.732552 -0.016301
12.737553 -0.006420
12.742554 -0.000119
12.747555 0.009363
12.752556 0.016092
12.757557 0.019545
12.762558 0.022177
12.767559 0.027869
12.772560 0.034441
12.777561 0.036103
12.782562 0.041134
12.787563 0.046034
12.792564 0.050681
12.797565 0.055399
12.802566 0.054105
12.807567 0.054981
12.812568 0.060300
12.817569 0.054042
12.822570 0.049935
12.827571 0.047183
12.832572 0.044110
12.837573 0.040353
12.842574 0.030000
12.847575 0.030274
12.852576 0.030991
12.857577 0.028888
12.862578 0.025461
12.867579 0.029669
12.872580 0.032752
12.877581 0.028420
12.882582 0.031742
12.887583 0.029193
12.892584 0.030220
12.897585 0.028947
12.902586 0.023334
12.907587 0.026247
12.912588 0.023338
12.917589 0.023124
12.922590 0.022922
12.927591 0.020626
12.932592 0.027253
12.937593 0.028901
12.942594 0.025103
12.947595 0.030807
12.952596 0.037112
12.957597 0.034797
12.962598 0.037508
12.967599 0.036990
12.972600 0.036283
12.977601 0.036823
12.982602 0.027193
12.987603 0.023234
12.992604 0.017777
12.997605 0.007828
13.002606 -0.003681
13.007607 -0.011851
13.012608 -0.017846
13.017609 -0.027910
13.022610 -0.034093
13.027611 -0.039890
13.032612 -0.041174
13.037613 -0.044850
13.042614 -0.046520
13.047615 -0.045599
13.052616 -0.040296
13.057617 -0.034646
13.062618 -0.036960
13.067619 -0.024577
13.072620 -0.017695
13.077621 -0.012947
13.082622 -0.003881
13.087623 0.000660
13.092624 0.013932
13.097625 0.017079
13.102626 0.018993
13.107627 0.027387
13.112628 0.029908
13.117629 0.031706
13.122630 0.027723
13.127631 0.027649
13.132632 0.029439
13.137633 0.021432
13.142634 0.016889
13.147635 0.012608
13.152636 0.009716
13.157637 0.003566
13.162638 -0.005985
13.167639 -0.007070
13.172640 -0.010662
13.177641 -0.013478
13.182642 -0.017631
13.187643 -0.019297
13.192644 -0.012755
13.197645 -0.013507
13.202646 -0.013012
13.207647 -0.007980
13.212648 -0.005322
13.217649 -0.002227
13.222650 -0.002966
13.227651 -0.001070
13.232652 0.002123
13.237653 0.001364
13.242654 -0.000299
13.247655 0.000849
13.252656 0.005822
13.257657 0.004759
13.262658 0.005132
13.267659 0.008409
13.272660 0.012868
13.277661 0.015221
13.282662 0.016039
13.287663 0.022222
13.292664 0.024155
13.297665 0.027306
13.302666 0.028867
13.307667 0.030346
13.312668 0.035717
13.317669 0.034269
13.322670 0.029480
13.327671 0.027742
13.332672 0.025953
13.337673 0.019064
13.342674 0.010632
13.347675 0.003371
13.352676 -0.000053
13.357677 -0.007176
13.362678 -0.019813
13.367679 -0.024552
13.372680 -0.028347
13.377681 -0.036411
13.382682 -0.043371
13.387683 -0.047700
13.392684 -0.048455
13.397685 -0.051221
13.402686 -0.053378
13.407687 -0.048589
13.412688 -0.043412
13.417689 -0.039797
13.422690 -0.034682
13.427691 -0.023834
13.432692 -0.015462
13.437693 -0.013038
13.442694 -0.005796
13.447695 -0.001516
13.452696 0.005181
13.457697 0.005125
13.462698 -0.000500
13.467699 0.005752
13.472700 0.003724
13.477701 0.000456
13.482702 -0.003215
13.487703 -0.006888
13.492704 -0.004425
13.497705 -0.011194
13.502706 -0.018012
13.507707 -0.018928
13.512708 -0.020182
13.517709 -0.026340
13.522710 -0.032260
13.527711 -0.031481
13.532712 -0.032488
13.537713 -0.033879
13.542714 -0.035144
13.547715 -0.034220
13.552716 -0.026769
13.557717 -0.025322
13.562718 -0.021100
13.567719 -0.013864
13.572720 -0.008707
13.577721 0.000190
13.582722 -0.000955
13.587723 0.001412
13.592724 0.009595
13.597725 0.003471
13.602726 -0.000859
13.607727 -0.001375
13.612728 -0.007050
13.617729 -0.009878
13.622730 -0.014552
13.627731 -0.016895
13.632732 -0.014002
13.637733 -0.014640
13.642734 -0.013884
13.647735 -0.007763
13.652736 -0.000232
13.657737 0.004156
13.662738 0.007766
13.667739 0.011823
13.672740 0.017409
13.677741 0.021754
13.682742 0.017818
13.687743 0.018987
13.692744 0.023889
13.697745 0.020703
13.702746 0.017954
13.707747 0.021819
13.712748 0.022766
13.717749 0.020548
13.722750 0.024604
13.727751 0.023783
13.732752 0.027460
13.737753 0.029500
13.742754 0.025219
13.747755 0.030255
13.752756 0.027973
13.757757 0.027302
13.762758 0.025369
13.767759 0.022119
13.772760 0.023385
13.777761 0.015877
13.782762 0.013521
13.787763 0.012688
13.792764 0.009444
13.797765 0.007385
13.802766 0.005756
13.807767 0.007402
13.812768 0.006850
13.817769 0.008666
13.822770 0.008930
13.827771 0.008233
13.832772 0.013585
13.837773 0.012862
13.842774 0.010766
13.847775 0.010671
13.852776 0.009105
13.857777 0.007454
13.862778 0.001645
13.867779 0.000564
13.872780 0.001906
13.877781 -0.004913
13.882782 -0.008809
13.887783 -0.006055
13.892784 -0.008752
13.897785 -0.010865
13.902786 -0.014528
13.907787 -0.018659
13.912788 -0.015102
13.917789 -0.021179
13.922790 -0.025888
13.927791 -0.022622
13.932792 -0.022701
13.937793 -0.021756
13.942794 -0.023367
13.947795 -0.019403
13.952796 -0.010684
13.957797 -0.012174
13.962798 -0.010040
13.967799 -0.002358
13.972800 0.003508
13.977801 0.006705
13.982802 0.005213
13.987803 0.011546
13.992804 0.013516
13.997805 0.011442
14.002806 0.008664
14.007807 0.006169
14.012808 0.008390
14.017809 0.001398
14.022810 -0.000952
14.027811 -0.001858
14.032812 0.001051
14.037813 0.003643
14.042814 -0.000367
14.047815 0.004817
14.052816 0.011141
14.057817 0.013661
14.062818 0.011008
14.067819 0.017091
14.072820 0.022933
14.077821 0.018228
14.082822 0.019446
14.087823 0.021868
14.092824 0.020069
14.097825 0.018764
14.102826 0.016235
14.107827 0.015027
14.112828 0.017083
14.117829 0.014669
14.122830 0.015505
14.127831 0.016283
14.132832 0.018993
14.137833 0.021862
14.142834 0.019646
14.147835 0.022128
14.152836 0.025211
14.157837 0.024198
14.162838 0.018329
14.167839 0.017615
14.172840 0.015733
14.177841 0.007903
14.182842 0.002880
14.187843 -0.000500
14.192844 -0.005912
14.197845 -0.011418
14.202846 -0.015235
14.207847 -0.018851
14.212848 -0.017177
14.217849 -0.021383
14.222850 -0.023760
14.227851 -0.020048
14.232852 -0.020799
14.237853 -0.016676
14.242854 -0.016815
14.247855 -0.016832
14.252856 -0.012376
14.257857 -0.012346
14.262858 -0.013630
14.267859 -0.010905
14.272860 -0.008865
14.277861 -0.013764
14.282862 -0.015851
14.287863 -0.015427
14.292864 -0.013729
14.297865 -0.019484
14.302866 -0.024201
14.307867 -0.023312
14.312868 -0.024992
14.317869 -0.026676
14.322870 -0.035297
14.327871 -0.032095
14.332872 -0.030593
14.337873 -0.035908
14.342874 -0.032711
14.347875 -0.035715
14.352876 -0.030997
14.357877 -0.028201
14.362878 -0.029497
14.367879 -0.021168
14.372880 -0.016181
14.377881 -0.010968
14.382882 -0.008182
14.387883 0.000596
14.392884 0.012704
14.397885 0.014412
14.402886 0.018782
14.407887 0.028375
14.412888 0.034896
14.417889 0.033904
14.422890 0.034541
14.427891 0.035889
14.432892 0.035888
14.437893 0.032664
14.442894 0.025871
14.447895 0.027120
14.452896 0.022570
14.457897 0.015812
14.462898 0.013618
14.467899 0.005367
14.472900 0.006375
14.477901 0.005297
14.482902 -0.003609
14.487903 -0.001041
14.492904 -0.000083
14.497905 0.000042
14.502906 -0.001834
14.507907 0.000078
14.512908 0.006605
14.517909 0.000832
14.522910 0.006719
14.527911 0.010567
14.532912 0.007571
14.537913 0.015944
14.542914 0.015595
14.547915 0.013141
14.552916 0.018457
14.557917 0.020368
14.562918 0.015825
14.567919 0.018074
14.572920 0.019111
14.577921 0.014280
14.582922 0.014077
14.587923 0.011204
14.592924 0.010569
14.597925 0.007853
14.602926 0.003156
14.607927 0.002275
14.612928 0.000418
14.617929 -0.001353
14.622930 -0.006155
14.627931 -0.007878
14.632932 -0.009955
14.637933 -0.012514
14.642934 -0.016406
14.647935 -0.022395
14.652936 -0.019422
14.657937 -0.023123
14.662938 -0.028606
14.667939 -0.027017
14.672940 -0.025431
14.677941 -0.027830
14.682942 -0.032025
14.687943 -0.027189
14.692944 -0.027715
14.697945 -0.030047
14.702946 -0.029398
14.707947 -0.027861
14.712948 -0.024195
14.717949 -0.024125
14.722950 -0.023540
14.727951 -0.020641
14.732952 -0.016562
14.737953 -0.016506
14.742954 -0.014344
14.747956 -0.013567
14.752957 -0.011124
14.757958 -0.010616
14.762959 -0.012815
14.767960 -0.011569
14.772961 -0.011782
14.777962 -0.009838
14.782963 -0.016688
14.787964 -0.015738
14.792965 -0.013609
14.797966 -0.020635
14.802967 -0.021178
14.807968 -0.022325
14.812969 -0.021824
14.817970 -0.025357
14.822971 -0.028555
14.827972 -0.024756
14.832973 -0.024385
14.837974 -0.022485
14.842975 -0.019522
14.847976 -0.017305
14.852977 -0.007503
14.857978 -0.002120
14.862979 0.002112
14.867980 0.013923
14.872981 0.023170
14.877982 0.030520
14.882983 0.038734
14.887984 0.047525
14.892985 0.056218
14.897986 0.061183
14.902987 0.060763
14.907988 0.066671
14.912989 0.069115
14.917990 0.065353
14.922991 0.061241
14.927992 0.059041
14.932993 0.057932
14.937994 0.047675
14.942995 0.043884
14.947996 0.035868
14.952997 0.030679
14.957998 0.028345
14.962999 0.015241
14.968000 0.010135
14.973001 0.007242
14.978002 -0.000460
14.983003 -0.009434
14.988004 -0.009763
14.993005 -0.012020
14.998006 -0.020739
15.003007 -0.021509
15.008008 -0.017997
15.013009 -0.019348
15.018010 -0.019066
15.023011 -0.015933
15.028012 -0.011516
15.033013 -0.004209
15.038014 -0.003463
15.043015 -0.000843
15.048016 0.003953
15.053017 0.006392
15.058018 0.006424
15.063019 0.003443
15.068020 0.002582
15.073021 0.001525
15.078022 -0.001856
15.083023 -0.008496
15.088024 -0.008290
15.093025 -0.005370
15.098026 -0.013630
15.103027 -0.012951
15.108028 -0.008603
15.113029 -0.011851
15.118030 -0.009970
15.123031 -0.010442
15.128032 -0.006760
15.133033 -0.003010
15.138034 -0.004272
15.143035 -0.002345
15.148036 -0.002003
15.153037 0.001783
15.158038 0.000267
15.163039 -0.005130
15.168040 -0.001893
15.173041 -0.003666
15.178042 -0.008797
15.183043 -0.011184
15.188044 -0.012542
15.193045 -0.012188
15.198046 -0.015008
15.203047 -0.016888
15.208048 -0.016414
15.213049 -0.014884
15.218050 -0.013756
15.223051 -0.016322
15.228052 -0.016724
15.233053 -0.014143
15.238054 -0.016150
15.243055 -0.019129
15.248056 -0.020284
15.253057 -0.019639
15.258058 -0.021384
15.263059 -0.024145
15.268060 -0.022420
15.273061 -0.020893
15.278062 -0.018793
15.283063 -0.020011
15.288064 -0.012861
15.293065 -0.005865
15.298066 -0.006216
15.303067 0.000516
15.308068 0.004594
15.313069 0.010397
15.318070 0.014383
15.323071 0.013727
15.328072 0.013927
15.333073 0.017733
15.338074 0.018892
15.343075 0.012668
15.348076 0.015410
15.353077 0.017273
15.358078 0.014119
15.363079 0.013321
15.368080 0.014131
15.373081 0.014876
15.378082 0.011364
15.383083 0.005970
15.388084 0.006491
15.393085 0.007160
15.398086 -0.002468
15.403087 -0.007483
15.408088 -0.009895
15.413089 -0.011897
15.418090 -0.012775
15.423091 -0.017270
15.428092 -0.013884
15.433093 -0.010035
15.438094 -0.009076
15.443095 -0.003253
15.448096 0.001811
15.453097 0.006893
15.458098 0.014035
15.463099 0.018550
15.468100 0.024003
15.473101 0.029407
15.478102 0.030569
15.483103 0.030059
15.488104 0.030140
15.493105 0.030287
15.498106 0.026838
15.503107 0.017884
15.508108 0.012860
15.513109 0.013061
15.518110 0.005652
15.523111 -0.002750
15.528112 -0.003106
15.533113 -0.001105
15.538114 -0.006264
15.543115 -0.007605
15.548116 -0.002485
15.553117 -0.001338
15.558118 -0.000203
15.563119 -0.001864
15.568120 0.004800
15.573121 0.007263
15.578122 0.002698
15.583123 0.006446
15.588124 0.004659
15.593125 0.006354
15.598126 0.006282
15.603127 0.003946
15.608128 0.006886
15.613129 0.005510
15.618130 0.008386
15.623131 0.004048
15.628132 0.004193
15.633133 0.009328
15.638134 0.004181
15.643135 0.005166
15.648136 0.002843
15.653137 0.004280
15.658138 -0.001181
15.663139 -0.006610
15.668140 -0.000967
15.673141 -0.007431
15.678142 -0.008447
15.683143 -0.011047
15.688144 -0.011650
15.693145 -0.009063
15.698146 -0.011901
15.703147 -0.006557
15.708148 -0.005377
15.713149 -0.001110
15.718150 0.003137
15.723151 0.000722
15.728152 0.008634
15.733153 0.010431
15.738154 0.006328
15.743155 0.011524
15.748156 0.010555
15.753157 0.009622
15.758158 0.011983
15.763159 0.008167
15.768160 0.011041
15.773161 0.013033
15.778162 0.011573
15.783163 0.011450
15.788164 0.010245
15.793165 0.013636
15.798166 0.009933
15.803167 0.005212
15.808168 0.006376
15.813169 0.001446
15.818170 -0.002077
15.823171 -0.004962
15.828172 -0.011307
15.833173 -0.010051
15.838174 -0.016612
15.843175 -0.022795
15.848176 -0.021003
15.853177 -0.024494
15.858178 -0.022443
15.863179 -0.027075
15.868180 -0.023523
15.873181 -0.018303
15.878182 -0.024275
15.883183 -0.018254
15.888184 -0.016284
15.893185 -0.014429
15.898186 -0.012927
15.903187 -0.016163
15.908188 -0.012102
15.913189 -0.011551
15.918190 -0.010865
15.923191 -0.012311
15.928192 -0.013171
15.933193 -0.007228
15.938194 -0.008357
15.943195 -0.006189
15.948196 -0.006822
15.953197 -0.003008
15.958198 0.003746
15.963199 -0.002898
15.968200 0.002591
15.973201 0.005974
15.978202 0.002938
15.983203 0.004431
15.988204 0.002757
15.993205 0.005104
15.998206 0.005730
16.003207 0.001720
16.008208 0.001684
16.013209 0.002690
16.018210 0.000997
16.023211 -0.002340
16.028212 -0.003168
16.033213 -0.002149
16.038214 -0.003108
16.043215 -0.004882
16.048216 -0.008981
16.053217 -0.005900
16.058218 -0.005946
16.063219 -0.011452
16.068220 -0.008110
16.073221 -0.007723
16.078222 -0.008719
16.083223 -0.010088
16.088224 -0.009706
16.093225 -0.004737
16.098226 -0.004950
16.103227 -0.005763
16.108228 -0.001742
16.113229 0.003964
16.118230 0.004160
16.123231 0.003257
16.128232 0.009641
16.133233 0.015107
16.138234 0.016165
16.143235 0.018330
16.148236 0.020970
16.153237 0.026833
16.158238 0.029161
16.163239 0.026856
16.168240 0.032347
16.173241 0.033715
16.178242 0.033195
16.183243 0.030511
16.188244 0.027169
16.193245 0.029377
16.198246 0.022526
16.203247 0.016566
16.208248 0.012334
16.213249 0.006990
16.218250 0.001148
16.223251 -0.006845
16.228252 -0.009597
16.233253 -0.011068
16.238254 -0.015710
16.243255 -0.019121
16.248256 -0.017664
16.253257 -0.015888
16.258258 -0.015659
16.263259 -0.015010
16.268260 -0.008938
16.273261 -0.005249
16.278262 -0.005174
16.283263 -0.001072
16.288264 0.002048
16.293265 0.006042
16.298266 0.007021
16.303267 0.006369
16.308268 0.008317
16.313269 0.009173
16.318270 0.009626
16.323271 0.006197
16.328272 0.006409
16.333273 0.007797
16.338274 0.002653
16.343275 0.002810
16.348276 0.004257
16.353277 0.003619
16.358278 0.002875
16.363279 0.000801
16.368280 0.003359
16.373281 0.005662
16.378282 0.005654
16.383283 0.006167
16.388284 0.007305
16.393285 0.009244
16.398286 0.008841
16.403287 0.009607
16.408288 0.008955
16.413289 0.009580
16.418290 0.010250
16.423291 0.004067
16.428292 0.005174
16.433293 0.004309
16.438294 -0.004260
16.443295 -0.004641
16.448296 -0.005672
16.453297 -0.011332
16.458298 -0.015444
16.463299 -0.018845
16.468300 -0.020448
16.473301 -0.020600
16.478302 -0.024122
16.483303 -0.028733
16.488304 -0.024894
16.493305 -0.024998
16.498306 -0.027548
16.503307 -0.026374
16.508308 -0.028233
16.513309 -0.024106
16.518310 -0.024446
16.523311 -0.026517
16.528312 -0.024700
16.533313 -0.021839
16.538314 -0.020738
16.543315 -0.022590
16.548316 -0.018282
16.553317 -0.016179
16.558318 -0.013450
16.563319 -0.012216
16.568320 -0.009248
16.573321 -0.003938
16.578322 -0.002819
16.583323 -0.000161
16.588324 0.000707
16.593325 0.004113
16.598326 0.004753
16.603327 0.003269
16.608328 0.002982
16.613329 0.005150
16.618330 0.005178
16.623331 -0.002610
16.628332 0.000815
16.633333 0.002127
16.638334 -0.001804
16.643335 0.000971
16.648336 -0.000647
16.653337 0.004270
16.658338 0.008611
16.663339 0.005258
16.668340 0.011627
16.673341 0.019356
16.678342 0.019452
16.683343 0.022797
16.688344 0.029412
16.693345 0.032759
16.698346 0.034776
16.703347 0.033013
16.708348 0.035636
16.713349 0.040675
16.718350 0.036652
16.723351 0.034280
16.728352 0.035152
16.733353 0.037306
16.738354 0.032031
16.743355 0.028365
16.748356 0.031713
16.753357 0.026495
16.758358 0.023677
16.763359 0.018970
16.768360 0.017179
16.773361 0.015559
16.778362 0.007691
16.783363 0.002499
16.788364 0.001356
16.793365 0.004462
16.798366 -0.003784
16.803367 -0.006243
16.808368 -0.004420
16.813369 -0.003896
16.818370 -0.003416
16.823371 -0.010626
16.828372 -0.005149
16.833373 -0.003573
16.838374 -0.007967
16.843375 -0.011049
16.848376 -0.012206
16.853377 -0.010055
16.858378 -0.017612
16.863379 -0.022150
16.868380 -0.023134
16.873381 -0.023699
16.878382 -0.027955
16.883383 -0.032141
16.888384 -0.030610
16.893385 -0.029866
16.898386 -0.028067
16.903387 -0.030131
16.908388 -0.026380
16.913389 -0.020724
16.918390 -0.020697
16.923391 -0.017964
16.928392 -0.012451
16.933393 -0.006068
16.938394 -0.007499
16.943395 -0.004906
16.948396 0.001543
16.953397 0.002832
16.958398 0.003678
16.963399 0.002499
16.968400 0.008511
16.973401 0.008770
16.978402 0.004500
16.983403 0.009624
16.988404 0.007558
16.993405 0.004215
16.998406 0.006024
17.003407 0.000370
17.008408 -0.002807
17.013410 -0.000077
17.018411 -0.006695
17.023412 -0.012110
17.028413 -0.011818
17.033414 -0.014822
17.038415 -0.019744
17.043416 -0.024589
17.048417 -0.023434
17.053418 -0.020855
17.058419 -0.025261
17.063420 -0.025882
17.068421 -0.019576
17.073422 -0.018444
17.078423 -0.015064
17.083424 -0.010603
17.088425 -0.008442
17.093426 -0.001495
17.098427 0.001190
17.103428 0.003533
17.108429 0.007026
17.113430 0.009897
17.118431 0.014772
17.123432 0.013342
17.128433 0.012230
17.133434 0.019254
17.138435 0.018763
17.143436 0.014338
17.148437 0.018512
17.153438 0.019258
17.158439 0.017261
17.163440 0.013341
17.168441 0.015400
17.173442 0.019517
17.178443 0.013410
17.183444 0.013533
17.188445 0.014227
17.193446 0.015551
17.198447 0.017280
17.203448 0.013873
17.208449 0.016766
17.213450 0.019797
17.218451 0.018618
17.223452 0.017892
17.228453 0.019830
17.233454 0.020327
17.238455 0.019942
17.243456 0.019013
17.248457 0.017418
17.253458 0.016023
17.258459 0.015033
17.263460 0.011716
17.268461 0.006270
17.273462 0.007621
17.278463 0.002920
17.283464 -0.003645
17.288465 -0.005622
17.293466 -0.008180
17.298467 -0.012417
17.303468 -0.016899
17.308469 -0.018350
17.313470 -0.020931
17.318471 -0.022152
17.323472 -0.026898
17.328473 -0.025719
17.333474 -0.023829
17.338475 -0.025983
17.343476 -0.023425
17.348477 -0.023436
17.353478 -0.018050
17.358479 -0.013299
17.363480 -0.015374
17.368481 -0.008958
17.373482 -0.002876
17.378483 -0.002805
17.383484 0.001928
17.388485 0.003610
17.393486 0.007177
17.398487 0.009275
17.403488 0.006929
17.408489 0.009981
17.413490 0.010268
17.418491 0.008259
17.423492 0.005679
17.428493 0.006241
17.433494 0.006041
17.438495 0.001076
17.443496 -0.003404
17.448497 -0.004892
17.453498 -0.002334
17.458499 -0.006844
17.463500 -0.011966
17.468501 -0.010151
17.473502 -0.009147
17.478503 -0.008876
17.483504 -0.009202
17.488505 -0.005306
17.493506 -0.001302
17.498507 -0.001192
17.503508 0.003280
17.508509 0.008056
17.513510 0.010803
17.518511 0.013806
17.523512 0.015200
17.528513 0.017162
17.533514 0.022222
17.538515 0.021202
17.543516 0.018459
17.548517 0.022605
17.553518 0.022543
17.558519 0.020622
17.563520 0.015570
17.568521 0.015288
17.573522 0.016350
17.578523 0.009258
17.583524 0.006132
17.588525 0.000986
17.593526 0.001075
17.598527 -0.002954
17.603528 -0.010533
17.608529 -0.010307
17.613530 -0.013042
17.618531 -0.014989
17.623532 -0.021584
17.628533 -0.019487
17.633534 -0.016541
17.638535 -0.020046
17.643536 -0.019161
17.648537 -0.020024
17.653538 -0.016492
17.658539 -0.014860
17.663540 -0.013377
17.668541 -0.014814
17.673542 -0.011595
17.678543 -0.008143
17.683544 -0.013086
17.688545 -0.006921
17.693546 -0.005439
17.698547 -0.007082
17.703548 -0.003453
17.708549 -0.003427
17.713550 -0.000835
17.718551 0.001071
17.723552 0.000296
17.728553 0.002979
17.733554 0.004401
17.738555 0.005672
17.743556 0.003958
17.748557 0.005150
17.753558 0.009672
17.758559 0.003638
17.763560 0.006143
17.768561 0.005876
17.773562 0.003855
17.778563 0.006303
17.783564 0.000863
17.788565 0.000360
17.793566 0.001708
17.798567 0.000658
17.803568 -0.003845
17.808569 -0.001989
17.813570 -0.001659
17.818571 -0.006518
17.823572 -0.007760
17.828573 -0.010081
17.833574 -0.009209
17.838575 -0.010429
17.843576 -0.015901
17.848577 -0.016178
17.853578 -0.013962
17.858579 -0.016289
17.863580 -0.017235
17.868581 -0.015891
17.873582 -0.013087
17.878583 -0.010626
17.883584 -0.011506
17.888585 -0.008075
17.893586 -0.001861
17.898587 -0.000572
17.903588 -0.000704
17.908589 0.003147
17.913590 0.007301
17.918591 0.005154
17.923592 0.005388
17.928593 0.006707
17.933594 0.009144
17.938595 0.006669
17.943596 -0.000154
17.948597 0.004619
17.953598 0.000877
17.958599 -0.000493
17.963600 -0.001538
17.968601 -0.004515
17.973602 -0.002105
17.978603 -0.005446
17.983604 -0.002918
17.988605 -0.004708
17.993606 -0.003017
17.998607 -0.002173
18.003608 -0.006679
18.008609 -0.003162
18.013610 0.000073
18.018611 -0.003138
18.023612 -0.003711
18.028613 -0.000275
18.033614 -0.001677
18.038615 0.001710
18.043616 -0.001066
18.048617 0.000014
18.053618 0.006247
18.058619 0.003822
18.063620 0.004733
18.068621 0.009145
18.073622 0.013219
18.078623 0.012057
18.083624 0.013018
18.088625 0.015683
18.093626 0.020319
18.098627 0.018300
18.103628 0.015474
18.108629 0.018983
18.113630 0.018012
18.118631 0.017596
18.123632 0.012226
18.128633 0.013655
18.133634 0.014075
18.138635 0.008690
18.143636 0.008797
18.148637 0.008609
18.153638 0.008288
18.158639 0.007160
18.163640 0.005455
18.168641 0.004116
18.173642 0.009723
18.178643 0.008152
18.183644 0.005048
18.188645 0.010916
18.193646 0.012471
18.198647 0.011259
18.203648 0.011214
18.208649 0.016043
18.213650 0.017960
18.218651 0.016683
18.223652 0.014998
18.228653 0.016357
18.233654 0.019068
18.238655 0.012645
18.243656 0.008989
18.248657 0.008950
18.253658 0.006336
18.258659 -0.000807
18.263660 -0.008236
18.268661 -0.009415
18.273662 -0.013946
18.278663 -0.018071
18.283664 -0.024136
18.288665 -0.026729
18.293666 -0.023444
18.298667 -0.028797
18.303668 -0.028659
18.308669 -0.024140
18.313670 -0.022533
18.318671 -0.020685
18.323672 -0.018080
18.328673 -0.012893
18.333674 -0.007796
18.338675 -0.003646
18.343676 -0.003188
18.348677 0.000468
18.353678 0.008399
18.358679 0.008681
18.363680 0.006520
18.368681 0.009540
18.373682 0.011918
18.378683 0.011625
18.383684 0.009394
18.388685 0.008732
18.393686 0.009568
18.398687 0.007369
18.403688 0.004082
18.408689 0.004465
18.413690 0.003093
18.418691 -0.000764
18.423692 -0.002254
18.428693 -0.004448
18.433694 -0.004336
18.438695 -0.006496
18.443696 -0.010365
18.448697 -0.010379
18.453698 -0.008682
18.458699 -0.009835
18.463700 -0.012963
18.468701 -0.009736
18.473702 -0.007964
18.478703 -0.007068
18.483704 -0.004206
18.488705 -0.004356
18.493706 0.000916
18.498707 0.004051
18.503708 0.001720
18.508709 0.007237
18.513710 0.012568
18.518711 0.010322
18.523712 0.009137
18.528713 0.013919
18.533714 0.015456
18.538715 0.009647
18.543716 0.011238
18.548717 0.013625
18.553718 0.009752
18.558719 0.008574
18.563720 0.005760
18.568721 0.003911
18.573722 0.004269
18.578723 0.003142
18.583724 -0.002087
18.588725 -0.002000
18.593726 0.000977
18.598727 -0.003749
18.603728 -0.006035
18.608729 -0.005160
18.613730 -0.003087
18.618731 -0.006195
18.623732 -0.007534
18.628733 -0.005454
18.633734 -0.005280
18.638735 -0.003225
18.643736 -0.005849
18.648737 -0.005264
18.653738 -0.001150
18.658739 -0.000926
18.663740 -0.003441
18.668741 -0.002241
18.673742 0.002050
18.678743 0.000226
18.683744 -0.000239
18.688745 0.001328
18.693746 0.001085
18.698747 0.000732
18.703748 -0.002358
18.708749 -0.003767
18.713750 -0.001981
18.718751 -0.004131
18.723752 -0.009039
18.728753 -0.010223
18.733754 -0.009522
18.738755 -0.011833
18.743756 -0.014648
18.748757 -0.014017
18.753758 -0.012328
18.758759 -0.012748
18.763760 -0.013952
18.768761 -0.009714
18.773762 -0.007335
18.778763 -0.005752
18.783764 -0.003852
18.788765 -0.002056
18.793766 0.005389
18.798767 0.003390
18.803768 0.003562
18.808769 0.008587
18.813770 0.009228
18.818771 0.010234
18.823772 0.007179
18.828773 0.008296
18.833774 0.013346
18.838775 0.010767
18.843776 0.006191
18.848777 0.009333
18.853778 0.010432
18.858779 0.006861
18.863780 0.004172
18.868781 0.005268
18.873782 0.003214
18.878783 -0.000060
18.883784 -0.001248
18.888785 -0.005162
18.893786 -0.001143
18.898787 -0.005816
18.903788 -0.009486
18.908789 -0.005877
18.913790 -0.007187
18.918791 -0.005349
18.923792 -0.010999
18.928793 -0.007925
18.933794 -0.004726
18.938795 -0.009354
18.943796 -0.009836
18.948797 -0.009513
18.953798 -0.007133
18.958799 -0.010198
18.963800 -0.010264
18.968801 -0.012476
18.973802 -0.011248
18.978803 -0.009232
18.983804 -0.015492
18.988805 -0.011913
18.993806 -0.007324
18.998807 -0.009812
19.003808 -0.013241
19.008809 -0.009116
19.013810 -0.004125
19.018811 -0.004793
19.023812 -0.005894
19.028813 -0.005561
19.033814 -0.000745
19.038815 -0.002531
19.043816 -0.003602
19.048817 0.000322
19.053818 0.000474
19.058819 0.002112
19.063820 0.001329
19.068821 0.004254
19.073822 0.008765
19.078823 0.009051
19.083824 0.008120
19.088825 0.013693
19.093826 0.018565
19.098827 0.014445
19.103828 0.018600
19.108829 0.019396
19.113830 0.021173
19.118831 0.021184
19.123832 0.018431
19.128833 0.022514
19.133834 0.020152
19.138835 0.021036
19.143836 0.017204
19.148837 0.016749
19.153838 0.021057
19.158839 0.016039
19.163840 0.013827
19.168841 0.014593
19.173842 0.014538
19.178843 0.012803
19.183844 0.010719
19.188845 0.010816
19.193846 0.012453
19.198847 0.011016
19.203848 0.009571
19.208849 0.011132
19.213850 0.013519
19.218851 0.012429
19.223852 0.008937
19.228853 0.012713
19.233854 0.015814
19.238855 0.012454
19.243856 0.011407
19.248857 0.011639
19.253858 0.012891
19.258859 0.010335
19.263860 0.006127
19.268861 0.007402
19.273862 0.004233
19.278863 0.000901
19.283865 -0.002603
19.288866 -0.006387
19.293867 -0.007588
19.298868 -0.012019
19.303869 -0.017486
19.308870 -0.019662
19.313871 -0.017963
19.318872 -0.023505
19.323873 -0.025949
19.328874 -0.026343
19.333875 -0.026261
19.338876 -0.023464
19.343877 -0.030708
19.348878 -0.026577
19.353879 -0.023746
19.358880 -0.026286
19.363881 -0.021997
19.368882 -0.024110
19.373883 -0.019794
19.378884 -0.016752
19.383885 -0.020206
19.388886 -0.014236
19.393887 -0.012534
19.398888 -0.013530
19.403889 -0.009020
19.408890 -0.009999
19.413891 -0.005550
19.418892 -0.005982
19.423893 -0.009575
19.428894 -0.002596
19.433895 -0.002042
19.438896 -0.003059
19.443897 -0.001860
19.448898 -0.002115
19.453899 0.001265
19.458900 0.001910
19.463901 -0.001316
19.468902 0.001924
19.473903 0.004407
19.478904 0.002704
19.483905 0.001254
19.488906 0.004445
19.493907 0.006978
19.498908 0.001614
19.503909 0.002349
19.508910 0.005502
19.513911 0.005427
19.518912 0.003509
19.523913 0.001723
19.528914 0.003683
19.533915 0.006291
19.538916 0.005539
19.543917 0.003360
19.548918 0.007401
19.553919 0.008390
19.558920 0.008301
19.563921 0.009911
19.568922 0.009659
19.573923 0.014839
19.578924 0.014147
19.583925 0.010801
19.588926 0.013644
19.593927 0.015929
19.598928 0.013170
19.603929 0.008382
19.608930 0.012638
19.613931 0.011380
19.618932 0.006904
19.623933 0.007144
19.628934 0.002881
19.633935 0.005549
19.638936 0.004518
19.643937 -0.001257
19.648938 0.000252
19.653939 0.003290
19.658940 0.002248
19.663941 -0.002338
19.668942 0.001299
19.673943 0.002954
19.678944 0.002108
19.683945 0.003236
19.688946 0.001711
19.693947 0.005907
19.698948 0.004560
19.703949 0.003689
19.708950 0.007102
19.713951 0.005351
19.718952 0.007392
19.723953 0.007450
19.728954 0.007407
19.733955 0.009644
19.738956 0.009247
19.743957 0.007061
19.748958 0.007129
19.753959 0.011446
19.758960 0.007576
19.763961 0.005339
19.768962 0.008141
19.773963 0.007411
19.778964 0.006164
19.783965 0.001697
19.788966 0.002613
19.793967 0.004024
19.798968 -0.000072
19.803969 -0.004065
19.808970 -0.002339
19.813971 0.000560
19.818972 -0.004684
19.823973 -0.006944
19.828974 -0.005367
19.833975 -0.004387
19.838976 -0.007717
19.843977 -0.009843
19.848978 -0.007943
19.853979 -0.007992
19.858980 -0.009992
19.863981 -0.014272
19.868982 -0.012306
19.873983 -0.012576
19.878984 -0.013940
19.883985 -0.016318
19.888986 -0.017448
19.893987 -0.013415
19.898988 -0.018564
19.903989 -0.018805
19.908990 -0.016133
19.913991 -0.016540
19.918992 -0.015390
19.923993 -0.018475
19.928994 -0.016809
19.933995 -0.012052
19.938996 -0.014007
19.943997 -0.014516
19.948998 -0.011598
19.953999 -0.008759
19.959000 -0.008302
19.964001 -0.009802
19.969002 -0.004225
19.974003 -0.001877
19.979004 -0.003783
19.984005 -0.000352
19.989006 0.001896
19.994007 0.003159
19.999008 0.004249
20.004009 0.004682
20.009010 0.006457
20.014011 0.008743
20.019012 0.008197
20.024013 0.005114
20.029014 0.007602
20.034015 0.010112
20.039016 0.007047
20.044017 0.005207
20.049018 0.005066
20.054019 0.006496
20.059020 0.005321
20.064021 0.001842
20.069022 0.002462
20.074023 0.004607
20.079024 0.001426
20.084025 -0.001955
20.089026 0.001640
20.094027 0.000670
20.099028 -0.000829
20.104029 -0.001329
20.109030 -0.003291
20.114031 0.001630
20.119032 0.000235
20.124033 -0.003869
20.129034 -0.000338
20.134035 0.002631
20.139036 0.000650
20.144037 -0.000659
20.149038 0.001804
20.154039 0.004977
20.159040 0.004248
20.164041 0.000984
20.169042 0.007053
20.174043 0.008220
20.179044 0.002819
20.184045 0.006824
20.189046 0.004279
20.194047 0.002191
20.199048 0.004287
20.204049 -0.002289
20.209050 -0.001506
20.214051 -0.000378
20.219052 -0.004661
20.224053 -0.008708
20.229054 -0.010283
20.234055 -0.006440
20.239056 -0.010227
20.244057 -0.011663
20.249058 -0.009312
20.254059 -0.009086
20.259060 -0.007854
20.264061 -0.009148
20.269062 -0.006738
20.274063 -0.003364
20.279064 -0.002497
20.284065 -0.003630
20.289066 -0.001428
20.294067 0.002325
20.299068 0.000667
20.304069 0.000579
20.309070 0.002762
20.314071 0.003190
20.319072 0.003015
20.324073 0.004500
20.329074 0.003382
20.334075 0.007914
20.339076 0.008227
20.344077 0.004173
20.349078 0.011055
20.354079 0.010363
20.359080 0.009079
20.364081 0.010734
20.369082 0.011522
20.374083 0.011314
20.379084 0.010856
20.384085 0.009189
20.389086 0.008172
20.394087 0.011902
20.399088 0.006826
20.404089 0.005575
20.409090 0.005891
20.414091 0.005714
20.419092 0.005816
20.424093 0.002925
20.429094 0.004489
20.434095 0.003903
20.439096 0.004403
20.444097 0.001657
20.449098 0.000160
20.454099 0.004034
20.459100 0.001492
20.464101 -0.001272
20.469102 -0.000983
20.474103 0.000810
20.479104 -0.001376
20.484105 -0.006070
20.489106 -0.003104
20.494107 -0.002393
20.499108 -0.005745
20.504109 -0.008625
20.509110 -0.007564
20.514111 -0.004256
20.519112 -0.007202
20.524113 -0.011011
20.529114 -0.008755
20.534115 -0.006391
20.539116 -0.007635
20.544117 -0.010091
20.549118 -0.010919
20.554119 -0.005867
20.559120 -0.007756
20.564121 -0.011176
20.569122 -0.006325
20.574123 -0.004589
20.579124 -0.005762
20.584125 -0.006503
20.589126 -0.004164
20.594127 -0.001566
20.599128 -0.000151
20.604129 0.000633
20.609130 0.000377
20.614131 0.004050
20.619132 0.005043
20.624133 0.003194
20.629134 0.006766
20.634135 0.007799
20.639136 0.007216
20.644137 0.007560
20.649138 0.007655
20.654139 0.010738
20.659140 0.008726
20.664141 0.006565
20.669142 0.009824
20.674143 0.009506
20.679144 0.008515
20.684145 0.007276
20.689146 0.006711
20.694147 0.009991
20.699148 0.008146
20.704149 0.004766
20.709150 0.007866
20.714151 0.008630
20.719152 0.004558
20.724153 0.002905
20.729154 0.004945
20.734155 0.005404
20.739156 0.001881
20.744157 0.000168
20.749158 -0.001310
20.754159 0.000326
20.759160 -0.000280
20.764161 -0.005910
20.769162 -0.004135
20.774163 -0.002995
20.779164 -0.006409
20.784165 -0.010620
20.789166 -0.008844
20.794167 -0.007967
20.799168 -0.011534
20.804169 -0.014318
20.809170 -0.013748
20.814171 -0.011127
20.819172 -0.016420
20.824173 -0.016354
20.829174 -0.014142
20.834175 -0.013943
20.839176 -0.014559
20.844177 -0.017109
20.849178 -0.015235
20.854179 -0.011214
20.859180 -0.012236
20.864181 -0.015613
20.869182 -0.009875
20.874183 -0.010686
20.879184 -0.011124
20.884185 -0.009269
20.889186 -0.011848
20.894187 -0.005974
20.899188 -0.008608
20.904189 -0.011579
20.909190 -0.007582
20.914191 -0.007270
20.919192 -0.006564
20.924193 -0.008569
20.929194 -0.006175
20.934195 -0.002684
20.939196 -0.004791
20.944197 -0.005424
20.949198 -0.001561
20.954199 0.002291
20.959200 0.000512
20.964201 0.002172
20.969202 0.004181
20.974203 0.004996
20.979204 0.009347
20.984205 0.006873
20.989206 0.009567
20.994207 0.014441
20.999208 0.011452
21.004209 0.012595
21.009210 0.014688
21.014211 0.018649
21.019212 0.016935
21.024213 0.014539
21.029214 0.017946
21.034215 0.020114
21.039216 0.018821
21.044217 0.013576
21.049218 0.017216
21.054219 0.015879
21.059220 0.015100
21.064221 0.015161
21.069222 0.011014
21.074223 0.015472
21.079224 0.011995
21.084225 0.011273
21.089226 0.013305
21.094227 0.011541
21.099228 0.011719
21.104229 0.010635
21.109230 0.010597
21.114231 0.010983
21.119232 0.009397
21.124233 0.007384
21.129234 0.007902
21.134235 0.005262
21.139236 0.005308
21.144237 0.001768
21.149238 0.000454
21.154239 0.003544
21.159240 -0.001861
21.164241 -0.003070
21.169242 -0.003659
21.174243 -0.002085
21.179244 -0.003558
21.184245 -0.007083
21.189246 -0.003700
21.194247 -0.007116
21.199248 -0.005056
21.204249 -0.007059
21.209250 -0.010845
21.214251 -0.003558
21.219252 -0.009731
21.224253 -0.011483
21.229254 -0.008497
21.234255 -0.008687
21.239256 -0.010440
21.244257 -0.014019
21.249258 -0.009353
21.254259 -0.010581
21.259260 -0.010718
21.264261 -0.011795
21.269262 -0.013155
21.274263 -0.008975
21.279264 -0.010919
21.284265 -0.013354
21.289266 -0.011611
21.294267 -0.009955
21.299268 -0.011176
21.304269 -0.013737
21.309270 -0.009869
21.314271 -0.007502
21.319272 -0.012261
21.324273 -0.009650
21.329274 -0.009197
21.334275 -0.007577
21.339276 -0.006189
21.344277 -0.009642
21.349278 -0.005196
21.354279 -0.001813
21.359280 -0.003645
21.364281 -0.004298
21.369282 0.000522
21.374283 0.001991
21.379284 0.002537
21.384285 0.002416
21.389286 0.003629
21.394287 0.008384
21.399288 0.006303
21.404289 0.005895
21.409290 0.008179
21.414291 0.010346
21.419292 0.009307
21.424293 0.008980
21.429294 0.010262
21.434295 0.013032
21.439296 0.013455
21.444297 0.008874
21.449298 0.013931
21.454299 0.013350
21.459300 0.011429
21.464301 0.013517
21.469302 0.010183
21.474303 0.013042
21.479304 0.011894
21.484305 0.007472
21.489306 0.010170
21.494307 0.008383
21.499308 0.007931
21.504309 0.007858
21.509310 0.003138
21.514311 0.009804
21.519312 0.005709
21.524313 0.001371
21.529314 0.006813
21.534315 0.004360
21.539316 0.004634
21.544317 0.000888
21.549319 0.003464
21.554320 0.004249
21.559321 0.002322
21.564322 0.001250
21.569323 0.000214
21.574324 0.002634
21.579325 -0.000506
21.584326 -0.001618
21.589327 -0.003824
21.594328 0.000240
21.599329 -0.001214
21.604330 -0.003419
21.609331 -0.003129
21.614332 -0.001104
21.619333 0.002144
21.624334 -0.004741
21.629335 0.002218
21.634336 0.003620
21.639337 -0.000382
21.644338 0.002917
21.649339 0.003437
21.654340 0.005118
21.659341 0.003571
21.664342 0.002557
21.669343 0.004200
21.674344 0.003928
21.679345 0.000783
21.684346 0.000213
21.689347 -0.000225
21.694348 0.000067
21.699349 -0.001255
21.704350 -0.005147
21.709351 -0.005547
21.714352 -0.003007
21.719353 -0.005907
21.724354 -0.010629
21.729355 -0.006375
21.734356 -0.006093
21.739357 -0.009676
21.744358 -0.012162
21.749359 -0.010365
21.754360 -0.010361
21.759361 -0.013997
21.764362 -0.014858
21.769363 -0.017774
21.774364 -0.014611
21.779365 -0.016411
21.784366 -0.020939
21.789367 -0.017316
21.794368 -0.018328
21.799369 -0.019375
21.804370 -0.020040
21.809371 -0.021062
21.814372 -0.017080
21.819373 -0.019228
21.824374 -0.020915
21.829375 -0.018160
21.834376 -0.018241
21.839377 -0.016199
21.844378 -0.018542
21.849379 -0.017666
21.854380 -0.012513
21.859381 -0.015227
21.864382 -0.016517
21.869383 -0.012054
21.874384 -0.009168
21.879385 -0.009716
21.884386 -0.009710
21.889387 -0.007129
21.894388 -0.004410
21.899389 -0.003914
21.904390 -0.004168
21.909391 -0.002079
21.914392 0.001348
21.919393 0.001553
21.924394 0.002019
21.929395 0.003628
21.934396 0.008451
21.939397 0.008074
21.944398 0.006002
21.949399 0.013505
21.954400 0.013672
21.959401 0.015709
21.964402 0.016105
21.969403 0.016230
21.974404 0.022653
21.979405 0.020695
21.984406 0.019425
21.989407 0.021922
21.994408 0.023947
21.999409 0.022854
22.004410 0.022563
22.009411 0.021111
22.014412 0.023328
22.019413 0.024240
22.024414 0.018754
22.029415 0.019112
22.034416 0.023241
22.039417 0.019343
22.044418 0.014201
22.049419 0.020122
22.054420 0.019079
22.059421 0.016572
22.064422 0.014557
22.069423 0.015242
22.074424 0.016662
22.079425 0.012097
22.084426 0.014612
22.089427 0.011378
22.094428 0.011462
22.099429 0.011425
22.104430 0.005404
22.109431 0.008780
22.114432 0.008064
22.119433 0.004681
22.124434 0.001452
22.129435 0.002765
22.134436 0.005609
22.139437 -0.001675
22.144438 -0.002967
22.149439 -0.003433
22.154440 -0.002094
22.159441 -0.004997
22.164442 -0.012027
22.169443 -0.007127
22.174444 -0.008713
22.179445 -0.011508
22.184446 -0.013675
22.189447 -0.015004
22.194448 -0.012384
22.199449 -0.015260
22.204450 -0.019956
22.209451 -0.016631
22.214452 -0.013955
22.219453 -0.019476
22.224454 -0.017967
22.229455 -0.018860
22.234456 -0.019037
22.239457 -0.016276
22.244458 -0.018601
22.249459 -0.017773
22.254460 -0.015203
22.259461 -0.013758
22.264462 -0.018164
22.269463 -0.014137
22.274464 -0.009558
22.279465 -0.012419
22.284466 -0.011073
22.289467 -0.011645
22.294468 -0.005998
22.299469 -0.006714
22.304470 -0.009227
22.309471 -0.003282
22.314472 -0.001157
22.319473 -0.002110
22.324474 -0.003491
22.329475 0.002065
22.334476 0.004100
22.339477 0.003195
22.344478 0.003646
22.349479 0.005014
22.354480 0.007244
22.359481 0.006316
22.364482 0.007565
22.369483 0.006612
22.374484 0.009434
22.379485 0.010421
22.384486 0.005611
22.389487 0.009564
22.394488 0.010797
22.399489 0.009834
22.404490 0.008662
22.409491 0.007828
22.414492 0.012202
22.419493 0.008391
22.424494 0.007244
22.429495 0.008740
22.434496 0.007403
22.439497 0.008609
22.444498 0.004361
22.449499 0.003223
22.454500 0.006678
22.459501 0.003657
22.464502 0.001404
22.469503 0.001412
22.474504 0.002300
22.479505 0.002862
22.484506 -0.002213
22.489507 0.000876
22.494508 0.003198
22.499509 0.000013
22.504510 0.001397
22.509511 0.000813
22.514512 0.004770
22.519513 0.006260
22.524514 -0.000436
22.529515 0.003063
22.534516 0.008260
22.539517 0.004583
22.544518 0.003364
22.549519 0.003573
22.554520 0.005950
22.559521 0.004564
22.564522 0.001783
22.569523 0.003500
22.574524 0.004094
22.579525 0.000367
22.584526 -0.001283
22.589527 0.001659
22.594528 -0.000630
22.599529 0.000003
22.604530 -0.003937
22.609531 -0.005654
22.614532 -0.001476
22.619533 -0.004593
22.624534 -0.008285
22.629535 -0.008456
22.634536 -0.004461
22.639537 -0.009649
22.644538 -0.009793
22.649539 -0.008190
22.654540 -0.010570
22.659541 -0.007228
22.664542 -0.012228
22.669543 -0.010337
22.674544 -0.009052
22.679545 -0.009737
22.684546 -0.009409
22.689547 -0.011311
22.694548 -0.004551
22.699549 -0.007146
22.704550 -0.008985
22.709551 -0.005979
22.714552 -0.004692
22.719553 -0.001987
22.724554 -0.004445
22.729555 -0.003858
22.734556 0.001271
22.739557 -0.000998
22.744558 -0.003017
22.749559 0.001634
22.754560 0.003273
22.759561 0.001367
22.764562 -0.001787
22.769563 0.003812
22.774564 0.004028
22.779565 0.000868
22.784566 0.003645
22.789567 0.001064
22.794568 0.004663
22.799569 0.003724
22.804570 -0.001017
22.809571 0.003474
22.814572 0.005175
22.819573 0.002383
22.824574 0.002302
22.829575 0.001806
22.834576 0.004958
22.839577 0.003730
22.844578 0.000669
22.849579 0.004528
22.854580 0.002837
22.859581 0.005581
22.864582 0.000147
22.869583 0.000249
22.874584 0.005389
22.879585 -0.001475
22.884586 0.000461
22.889587 -0.002063
22.894588 0.000531
22.899589 -0.001778
22.904590 -0.005675
22.909591 -0.001734
22.914592 -0.003807
22.919593 -0.001782
22.924594 -0.008113
22.929595 -0.006283
22.934596 -0.002479
22.939597 -0.008099
22.944598 -0.008780
22.949599 -0.005749
22.954600 -0.003846
22.959601 -0.008024
22.964602 -0.006644
22.969603 -0.006339
22.974604 -0.005000
22.979605 -0.002909
22.984606 -0.006744
22.989607 -0.004019
22.994608 -0.000841
22.999609 -0.002103
23.004610 -0.001576
23.009611 0.000029
23.014612 0.001899
23.019613 0.003388
23.024614 0.003628
23.029615 0.003766
23.034616 0.006506
23.039617 0.009737
23.044618 0.006173
23.049619 0.006606
23.054620 0.011158
23.059621 0.010455
23.064622 0.008924
23.069623 0.009090
23.074624 0.011739
23.079625 0.008232
23.084626 0.005732
23.089627 0.005683
23.094628 0.005042
23.099629 0.004019
23.104630 -0.002754
23.109631 -0.000999
23.114632 -0.000558
23.119633 -0.003003
23.124634 -0.006799
23.129635 -0.009140
23.134636 -0.002973
23.139637 -0.008282
23.144638 -0.007820
23.149639 -0.004591
23.154640 -0.006283
23.159641 -0.003916
23.164642 -0.005800
23.169643 -0.002493
23.174644 -0.001019
23.179645 -0.002849
23.184646 -0.001935
23.189647 0.000759
23.194648 0.001980
23.199649 0.000001
23.204650 0.000580
23.209651 0.001750
23.214652 0.003876
23.219653 0.002553
23.224654 0.000046
23.229655 0.001660
23.234656 0.004029
23.239657 0.003585
23.244658 0.000085
23.249659 0.001853
23.254660 0.004605
23.259661 0.002108
23.264662 0.001044
23.269663 0.000458
23.274664 0.003236
23.279665 0.003674
23.284666 -0.000621
23.289667 0.001855
23.294668 0.003430
23.299669 0.003951
23.304670 0.001183
23.309671 0.002271
23.314672 0.006432
23.319673 0.004384
23.324674 0.002584
23.329675 0.004167
23.334676 0.008555
23.339677 0.004357
23.344678 0.006323
23.349679 0.005474
23.354680 0.007267
23.359681 0.011226
23.364682 0.004269
23.369683 0.009106
23.374684 0.007947
23.379685 0.011233
23.384686 0.007263
23.389687 0.003726
23.394688 0.013283
23.399689 0.002913
23.404690 0.003311
23.409691 0.006433
23.414692 0.003351
23.419693 0.002999
23.424694 -0.000172
23.429695 0.001153
23.434696 0.001097
23.439697 0.000267
23.444698 -0.005043
23.449699 -0.004338
23.454700 -0.000730
23.459701 -0.006237
23.464702 -0.007921
23.469703 -0.006002
23.474704 -0.006959
23.479705 -0.010046
23.484706 -0.010106
23.489707 -0.009887
23.494708 -0.011351
23.499709 -0.012577
23.504710 -0.014337
23.509711 -0.013128
23.514712 -0.015366
23.519713 -0.017001
23.524714 -0.017642
23.529715 -0.018018
23.534716 -0.015470
23.539717 -0.019438
23.544718 -0.018738
23.549719 -0.017791
23.554720 -0.016343
23.559721 -0.014214
23.564722 -0.018856
23.569723 -0.013506
23.574724 -0.012317
23.579725 -0.014177
23.584726 -0.010717
23.589727 -0.011225
23.594728 -0.008183
23.599729 -0.006127
23.604730 -0.006541
23.609731 -0.004769
23.614732 -0.001382
23.619733 -0.000381
23.624734 -0.000735
23.629735 0.002478
23.634736 0.004391
23.639737 0.005346
23.644738 0.006279
23.649739 0.004790
23.654740 0.007366
23.659741 0.009746
23.664742 0.005054
23.669743 0.007071
23.674744 0.010132
23.679745 0.004734
23.684746 0.005199
23.689747 0.007881
23.694748 0.006221
23.699749 0.007288
23.704750 0.006196
23.709751 0.006307
23.714752 0.009933
23.719753 0.007526
23.724754 0.007255
23.729755 0.008129
23.734756 0.010014
23.739757 0.011369
23.744758 0.007884
23.749759 0.009030
23.754760 0.011373
23.759761 0.012890
23.764762 0.008050
23.769763 0.009271
23.774764 0.014172
23.779765 0.008362
23.784766 0.009179
23.789767 0.008659
23.794768 0.008735
23.799769 0.008810
23.804770 0.001574
23.809771 0.004412
23.814772 0.005755
23.819774 0.000544
23.824775 -0.001532
23.829776 -0.002648
23.834777 -0.001074
23.839778 -0.003939
23.844779 -0.008213
23.849780 -0.007164
23.854781 -0.007146
23.859782 -0.007507
23.864783 -0.011136
23.869784 -0.011929
23.874785 -0.007540
23.879786 -0.009693
23.884787 -0.012513
23.889788 -0.010411
23.894789 -0.008252
23.899790 -0.009307
23.904791 -0.012886
23.909792 -0.010321
23.914793 -0.007705
23.919794 -0.011295
23.924795 -0.009183
23.929796 -0.009496
23.934797 -0.009915
23.939798 -0.007144
23.944799 -0.010031
23.949800 -0.009286
23.954801 -0.006482
23.959802 -0.005769
23.964803 -0.007190
23.969804 -0.005639
23.974805 -0.001687
23.979806 -0.002676
23.984807 -0.002289
23.989808 -0.000363
23.994809 0.003806
23.999810 0.004105
24.004811 0.001753
24.009812 0.006055
24.014813 0.006521
24.019814 0.008865
24.024815 0.007142
24.029816 0.006351
24.034817 0.011746
24.039818 0.008482
24.044819 0.008281
24.049820 0.008941
24.054821 0.012458
24.059822 0.009967
24.064823 0.006525
24.069824 0.011172
24.074825 0.009083
24.079826 0.009726
24.084827 0.007795
24.089828 0.007362
24.094829 0.009503
24.099830 0.006985
24.104831 0.005662
24.109832 0.004618
24.114833 0.005500
24.119834 0.007552
24.124835 0.003010
24.129836 0.001204
24.134837 0.008319
24.139838 0.003661
24.144839 0.001286
24.149840 0.002569
24.154841 0.004002
24.159842 0.005953
24.164843 -0.002913
24.169844 0.001153
24.174845 0.005518
24.179846 0.000140
24.184847 -0.002059
24.189848 0.000495
24.194849 -0.000551
24.199850 -0.004351
24.204851 -0.004315
24.209852 -0.007075
24.214853 -0.004996
24.219854 -0.007773
24.224855 -0.010472
24.229856 -0.009607
24.234857 -0.009401
24.239858 -0.009816
24.244859 -0.014077
24.249860 -0.010127
24.254861 -0.009458
24.259862 -0.013221
24.264863 -0.011673
24.269864 -0.012010
24.274865 -0.010634
24.279866 -0.007317
24.284867 -0.012049
24.289868 -0.010506
24.294869 -0.006276
24.299870 -0.007834
24.304871 -0.007091
24.309872 -0.007326
24.314873 -0.004398
24.319874 -0.006438
24.324875 -0.006864
24.329876 -0.004289
24.334877 -0.005772
24.339878 -0.002886
24.344879 -0.004134
24.349880 -0.006638
24.354881 -0.001512
24.359882 -0.002905
24.364883 -0.005147
24.369884 -0.002307
24.374885 -0.000955
24.379886 0.001310
24.384887 -0.005223
24.389888 0.000138
24.394889 0.005575
24.399890 0.000224
24.404891 0.002936
24.409892 0.002965
24.414893 0.008500
24.419894 0.007006
24.424895 0.005317
24.429896 0.009366
24.434897 0.009884
24.439898 0.011013
24.444899 0.008098
24.449900 0.009367
24.454901 0.011066
24.459902 0.011984
24.464903 0.009761
24.469904 0.010260
24.474905 0.012083
24.479906 0.010821
24.484907 0.010919
24.489908 0.009886
24.494909 0.013438
24.499910 0.010599
24.504911 0.009068
24.509912 0.011498
24.514913 0.010233
24.519914 0.011208
24.524915 0.006125
24.529916 0.009029
24.534917 0.009740
24.539918 0.004006
24.544919 0.006074
24.549920 0.003750
24.554921 0.005431
24.559922 0.001806
24.564923 -0.001411
24.569924 0.001241
24.574925 -0.000467
24.579926 -0.001870
24.584927 -0.005412
24.589928 -0.004499
24.594929 -0.003235
24.599930 -0.006051
24.604931 -0.010906
24.609932 -0.010538
24.614933 -0.008355
24.619934 -0.011840
24.624935 -0.016123
24.629936 -0.014831
24.634937 -0.013292
24.639938 -0.016975
24.644939 -0.017032
24.649940 -0.016796
24.654941 -0.016986
24.659942 -0.015741
24.664943 -0.017327
24.669944 -0.016782
24.674945 -0.009530
24.679946 -0.012885
24.684947 -0.014525
24.689948 -0.009437
24.694949 -0.008459
24.699950 -0.004917
24.704951 -0.008961
24.709952 -0.005519
24.714953 -0.001115
24.719954 -0.002934
24.724955 -0.003483
24.729956 -0.003464
24.734957 0.001367
24.739958 0.000496
24.744959 -0.001424
24.749960 -0.000667
24.754961 0.003421
24.759962 0.001984
24.764963 -0.001326
24.769964 0.003509
24.774965 0.004368
24.779966 0.002759
24.784967 0.001032
24.789968 0.002715
24.794969 0.005612
24.799970 0.004466
24.804971 0.001527
24.809972 0.002435
24.814973 0.005590
24.819974 0.003483
24.824975 0.002827
24.829976 0.004853
24.834977 0.007594
24.839978 0.006135
24.844979 0.004610
24.849980 0.008625
24.854981 0.010647
24.859982 0.010022
24.864983 0.007704
24.869984 0.011146
24.874985 0.013065
24.879986 0.010391
24.884987 0.011420
24.889988 0.011162
24.894989 0.011954
24.899990 0.011516
24.904991 0.010248
24.909992 0.010255
24.914993 0.010286
24.919994 0.011296
24.924995 0.007872
24.929996 0.008037
24.934997 0.010447
24.939998 0.008263
24.944999 0.007600
24.950000 0.005353
