0.000000 0.000000
0.005002 -0.000722
0.010003 -0.000785
0.015005 -0.000671
0.020006 -0.000442
0.025008 -0.000255
0.030009 -0.000237
0.035011 -0.000356
0.040012 -0.000449
0.045014 -0.000414
0.050015 -0.000340
0.055017 -0.000393
0.060018 -0.000615
0.065020 -0.000891
0.070021 -0.001087
0.075023 -0.001137
0.080024 -0.001016
0.085026 -0.000746
0.090027 -0.000456
0.095029 -0.000357
0.100030 -0.000539
0.105032 -0.000822
0.110033 -0.000883
0.115035 -0.000570
0.120036 -0.000060
0.125038 0.000287
0.130039 0.000221
0.135041 -0.000200
0.140042 -0.000646
0.145044 -0.000771
0.150045 -0.000492
0.155047 -0.000039
0.160048 0.000304
0.165050 0.000472
0.170051 0.000591
0.175053 0.000729
0.180054 0.000758
0.185056 0.000521
0.190057 0.000088
0.195059 -0.000221
0.200060 -0.000133
0.205062 0.000258
0.210063 0.000555
0.215065 0.000490
0.220066 0.000186
0.225068 -0.000043
0.230069 -0.000060
0.235071 0.000044
0.240072 0.000136
0.245074 0.000139
0.250075 0.000007
0.255077 -0.000220
0.260078 -0.000352
0.265080 -0.000180
0.270081 0.000264
0.275083 0.000667
0.280084 0.000682
0.285086 0.000205
0.290087 -0.000556
0.295089 -0.001178
0.300090 -0.001242
0.305092 -0.000616
0.310093 0.000380
0.315095 0.001154
0.320096 0.001276
0.325098 0.000761
0.330099 -0.000023
0.335101 -0.000642
0.340102 -0.000842
0.345104 -0.000631
0.350105 -0.000204
0.355107 0.000237
0.360108 0.000576
0.365110 0.000776
0.370112 0.000836
0.375113 0.000759
0.380115 0.000557
0.385116 0.000289
0.390118 0.000067
0.395119 -0.000012
0.400121 0.000029
0.405122 0.000063
0.410124 -0.000001
0.415125 -0.000099
0.420127 -0.000069
0.425128 0.000163
0.430130 0.000464
0.435131 0.000576
0.440133 0.000330
0.445134 -0.000169
0.450136 -0.000596
0.455137 -0.000720
0.460139 -0.000653
0.465140 -0.000699
0.470142 -0.000908
0.475143 -0.000932
0.480145 -0.000426
0.485146 0.000495
0.490148 0.001310
0.495149 0.001589
0.500151 0.001320
0.505152 0.000781
0.510154 0.000235
0.515155 -0.000187
0.520157 -0.000425
0.525158 -0.000415
0.530160 -0.000122
0.535161 0.000370
0.540163 0.000844
0.545164 0.001075
0.550166 0.000995
0.555167 0.000695
0.560169 0.000270
0.565170 -0.000257
0.570172 -0.000843
0.575173 -0.001290
0.580175 -0.001285
0.585176 -0.000596
0.590178 0.000746
0.595179 0.002426
0.600181 0.003958
0.605182 0.004855
0.610184 0.004783
0.615185 0.003698
0.620187 0.001882
0.625188 -0.000231
0.630190 -0.002329
0.635191 -0.004346
0.640193 -0.006296
0.645194 -0.007994
0.650196 -0.008897
0.655197 -0.008219
0.660199 -0.005316
0.665200 -0.000141
0.670202 0.006502
0.675203 0.013034
0.680205 0.017549
0.685206 0.018513
0.690208 0.015389
0.695209 0.008814
0.700211 0.000238
0.705212 -0.008594
0.710214 -0.015927
0.715215 -0.020088
0.720217 -0.019772
0.725219 -0.014629
0.730220 -0.005708
0.735222 0.004716
0.740223 0.013937
0.745225 0.019721
0.750226 0.020825
0.755228 0.017042
0.760229 0.009103
0.765231 -0.001229
0.770232 -0.011083
0.775234 -0.016980
0.780235 -0.016177
0.785237 -0.008276
0.790238 0.003988
0.795240 0.015520
0.800241 0.021047
0.805243 0.017623
0.810244 0.006204
0.815246 -0.008643
0.820247 -0.020888
0.825249 -0.026001
0.830250 -0.023007
0.835252 -0.014370
0.840253 -0.003912
0.845255 0.005665
0.850256 0.013891
0.855258 0.021610
0.860259 0.028919
0.865261 0.033698
0.870262 0.032144
0.875264 0.021261
0.880265 0.001708
0.885267 -0.021180
0.890268 -0.039356
0.895270 -0.046107
0.900271 -0.039648
0.905273 -0.023845
0.910274 -0.005660
0.915276 0.008811
0.920277 0.017127
0.925279 0.020608
0.930280 0.022229
0.935282 0.024032
0.940283 0.025721
0.945285 0.025041
0.950286 0.019349
0.955288 0.007359
0.960289 -0.009747
0.965291 -0.028193
0.970292 -0.042479
0.975294 -0.047059
0.980295 -0.038435
0.985297 -0.017015
0.990298 0.012106
0.995300 0.040104
1.000301 0.057116
1.005303 0.055825
1.010304 0.034741
1.015306 -0.000280
1.020307 -0.037428
1.025309 -0.063176
1.030310 -0.067609
1.035312 -0.048375
1.040313 -0.011518
1.045315 0.030912
1.050316 0.065238
1.055318 0.080665
1.060319 0.072394
1.065321 0.042712
1.070322 0.000123
1.075324 -0.043173
1.080325 -0.074874
1.085327 -0.086229
1.090329 -0.074587
1.095330 -0.044002
1.100332 -0.003688
1.105333 0.035114
1.110335 0.062606
1.115336 0.072986
1.120338 0.065460
1.125339 0.043758
1.130341 0.014497
1.135342 -0.014972
1.140344 -0.038376
1.145345 -0.051468
1.150347 -0.052293
1.155348 -0.041310
1.160350 -0.021485
1.165351 0.002107
1.170353 0.023578
1.175354 0.038073
1.180356 0.043170
1.185357 0.039051
1.190359 0.027663
1.195360 0.011724
1.200362 -0.005773
1.205363 -0.021688
1.210365 -0.032983
1.215366 -0.037302
1.220368 -0.033658
1.225369 -0.022875
1.230371 -0.007439
1.235372 0.009241
1.240374 0.023737
1.245375 0.033174
1.250377 0.035467
1.255378 0.029692
1.260380 0.016680
1.265381 -0.000585
1.270383 -0.017408
1.275384 -0.028741
1.280386 -0.031023
1.285387 -0.023606
1.290389 -0.009009
1.295390 0.008063
1.300392 0.022316
1.305393 0.029371
1.310395 0.026857
1.315396 0.015054
1.320398 -0.003002
1.325399 -0.021999
1.330401 -0.035488
1.335402 -0.037778
1.340404 -0.026351
1.345405 -0.003730
1.350407 0.022624
1.355408 0.042930
1.360410 0.049207
1.365411 0.038850
1.370413 0.015891
1.375414 -0.010699
1.380416 -0.030905
1.385417 -0.037994
1.390419 -0.031245
1.395420 -0.015818
1.400422 0.000193
1.405423 0.009989
1.410425 0.011254
1.415426 0.006596
1.420428 0.001245
1.425429 -0.000294
1.430431 0.003432
1.435432 0.010560
1.440434 0.017301
1.445436 0.019809
1.450437 0.015695
1.455439 0.004937
1.460440 -0.009926
1.465442 -0.024415
1.470443 -0.033398
1.475445 -0.032700
1.480446 -0.020754
1.485448 0.000192
1.490449 0.024069
1.495451 0.042677
1.500452 0.048687
1.505454 0.038636
1.510455 0.014506
1.515457 -0.016762
1.520458 -0.045507
1.525460 -0.062415
1.530461 -0.061406
1.535463 -0.041589
1.540464 -0.007843
1.545466 0.030218
1.550467 0.060871
1.555469 0.073951
1.560470 0.064435
1.565472 0.034677
1.570473 -0.005718
1.575475 -0.042785
1.580476 -0.063191
1.585478 -0.059507
1.590479 -0.033460
1.595481 0.004460
1.600482 0.039046
1.605484 0.056417
1.610485 0.049498
1.615487 0.020725
1.620488 -0.018969
1.625490 -0.054298
1.630491 -0.071202
1.635493 -0.061921
1.640494 -0.027990
1.645496 0.019798
1.650497 0.064731
1.655499 0.090065
1.660500 0.085474
1.665502 0.051397
1.670503 -0.000716
1.675505 -0.052606
1.680506 -0.086198
1.685508 -0.090489
1.690509 -0.065498
1.695511 -0.021749
1.700512 0.024319
1.705514 0.056979
1.710515 0.067065
1.715517 0.054655
1.720518 0.027743
1.725520 -0.002000
1.730521 -0.024100
1.735523 -0.032784
1.740524 -0.028199
1.745526 -0.015359
1.750527 -0.001427
1.755529 0.007534
1.760530 0.008911
1.765532 0.004053
1.770533 -0.003071
1.775535 -0.008094
1.780536 -0.008209
1.785538 -0.003118
1.790539 0.005135
1.795541 0.013098
1.800542 0.017137
1.805544 0.014547
1.810546 0.004447
1.815547 -0.011504
1.820549 -0.028816
1.825550 -0.040909
1.830552 -0.041257
1.835553 -0.026395
1.840555 0.001630
1.845556 0.034870
1.850558 0.061800
1.855559 0.071624
1.860561 0.058788
1.865562 0.025697
1.870564 -0.017660
1.875565 -0.057168
1.880567 -0.079792
1.885568 -0.078370
1.890570 -0.053940
1.895571 -0.014838
1.900573 0.026614
1.905574 0.058153
1.910576 0.071099
1.915577 0.062751
1.920579 0.037148
1.925580 0.003615
1.930582 -0.026782
1.935583 -0.045424
1.940585 -0.048935
1.945586 -0.039356
1.950588 -0.022030
1.955589 -0.002706
1.960591 0.014514
1.965592 0.027566
1.970594 0.035449
1.975595 0.037062
1.980597 0.031043
1.985598 0.016945
1.990600 -0.003163
1.995601 -0.024125
2.000603 -0.039086
2.005604 -0.042376
2.010606 -0.032250
2.015607 -0.011862
2.020609 0.011992
2.025610 0.031603
2.030612 0.041279
2.035613 0.039252
2.040615 0.027762
2.045616 0.011410
2.050618 -0.005161
2.055619 -0.018971
2.060621 -0.028998
2.065622 -0.035211
2.070624 -0.037243
2.075625 -0.033789
2.080627 -0.023263
2.085628 -0.005355
2.090630 0.017592
2.095631 0.040459
2.100633 0.056708
2.105634 0.060526
2.110636 0.048915
2.115637 0.023138
2.120639 -0.010874
2.125640 -0.043673
2.130642 -0.065091
2.135643 -0.067892
2.140645 -0.050689
2.145646 -0.018724
2.150648 0.017941
2.155649 0.048096
2.160651 0.063335
2.165653 0.060701
2.170654 0.043073
2.175656 0.017426
2.180657 -0.008069
2.185659 -0.026758
2.190660 -0.035071
2.195662 -0.032702
2.200663 -0.021949
2.205665 -0.006829
2.210666 0.007837
2.215668 0.017516
2.220669 0.019219
2.225671 0.012512
2.230672 -0.000166
2.235674 -0.014122
2.240675 -0.023950
2.245677 -0.025536
2.250678 -0.017780
2.255680 -0.003242
2.260681 0.012749
2.265683 0.024392
2.270684 0.028091
2.275686 0.023969
2.280687 0.015301
2.285689 0.006400
2.290690 0.000281
2.295692 -0.002775
2.300693 -0.005139
2.305695 -0.010152
2.310696 -0.019586
2.315698 -0.031800
2.320699 -0.041954
2.325701 -0.044199
2.330702 -0.034557
2.335704 -0.013052
2.340705 0.015678
2.345707 0.043476
2.350708 0.061221
2.355710 0.062125
2.360711 0.044599
2.365713 0.013409
2.370714 -0.021605
2.375716 -0.048962
2.380717 -0.059846
2.385719 -0.051499
2.390720 -0.028080
2.395722 0.001432
2.400723 0.027133
2.405725 0.041813
2.410726 0.042771
2.415728 0.031604
2.420729 0.012729
2.425731 -0.008363
2.430732 -0.026435
2.435734 -0.037233
2.440735 -0.037963
2.445737 -0.027845
2.450738 -0.008708
2.455740 0.014764
2.460741 0.035667
2.465743 0.046791
2.470744 0.043483
2.475746 0.026115
2.480747 0.000578
2.485749 -0.023780
2.490750 -0.037893
2.495752 -0.036713
2.500753 -0.021450
2.505755 0.000623
2.510756 0.019023
2.515758 0.024677
2.520759 0.014324
2.525761 -0.007527
2.530763 -0.030236
2.535764 -0.041727
2.540766 -0.034200
2.545767 -0.008137
2.550769 0.027412
2.555770 0.058444
2.560772 0.071812
2.565773 0.060738
2.570775 0.027804
2.575776 -0.015825
2.580778 -0.054759
2.585779 -0.075504
2.590781 -0.071633
2.595782 -0.045810
2.600784 -0.008059
2.605785 0.028547
2.610787 0.052728
2.615788 0.058458
2.620790 0.046088
2.625791 0.021308
2.630793 -0.007131
2.635794 -0.030026
2.640796 -0.040142
2.645797 -0.034192
2.650799 -0.014111
2.655800 0.012993
2.660802 0.036777
2.665803 0.047390
2.670805 0.039677
2.675806 0.015820
2.680808 -0.015105
2.685809 -0.040689
2.690811 -0.050369
2.695812 -0.039944
2.700814 -0.013426
2.705815 0.018499
2.710817 0.042771
2.715818 0.049358
2.720820 0.035577
2.725821 0.007343
2.730823 -0.023330
2.735824 -0.043497
2.740826 -0.044780
2.745827 -0.026763
2.750829 0.003126
2.755830 0.032938
2.760832 0.051127
2.765833 0.050993
2.770835 0.032958
2.775836 0.003942
2.780838 -0.025686
2.785839 -0.046101
2.790841 -0.051307
2.795842 -0.040762
2.800844 -0.019179
2.805845 0.005250
2.810847 0.023807
2.815848 0.030512
2.820850 0.024377
2.825851 0.009493
2.830853 -0.007070
2.835854 -0.018346
2.840856 -0.020034
2.845857 -0.011731
2.850859 0.003211
2.855860 0.018886
2.860862 0.028707
2.865863 0.027581
2.870865 0.013898
2.875866 -0.009289
2.880868 -0.034536
2.885869 -0.052114
2.890871 -0.053614
2.895873 -0.035840
2.900874 -0.003203
2.905876 0.032952
2.910877 0.058498
2.915879 0.062690
2.920880 0.043340
2.925882 0.008192
2.930883 -0.028335
2.935885 -0.051505
2.940886 -0.052707
2.945888 -0.032931
2.950889 -0.001682
2.955891 0.027901
2.960892 0.044957
2.965894 0.044874
2.970895 0.029903
2.975897 0.006974
2.980898 -0.015739
2.985900 -0.031930
2.990901 -0.038829
2.995903 -0.037079
3.000904 -0.029281
3.005906 -0.018212
3.010907 -0.005737
3.015909 0.007166
3.020910 0.019562
3.025912 0.029718
3.030913 0.035080
3.035915 0.033206
3.040916 0.023142
3.045918 0.006476
3.050919 -0.012582
3.055921 -0.028369
3.060922 -0.035874
3.065924 -0.032885
3.070925 -0.021117
3.075927 -0.005651
3.080928 0.007231
3.085930 0.012999
3.090931 0.011196
3.095933 0.005711
3.100934 0.002524
3.105936 0.006003
3.110937 0.015931
3.115939 0.027158
3.120940 0.032164
3.125942 0.025049
3.130943 0.004818
3.135945 -0.023547
3.140946 -0.050594
3.145948 -0.065866
3.150949 -0.062094
3.155951 -0.038522
3.160952 -0.001874
3.165954 0.035805
3.170955 0.061829
3.175957 0.067985
3.180958 0.053605
3.185960 0.025262
3.190961 -0.006339
3.195963 -0.030486
3.200964 -0.039909
3.205966 -0.032700
3.210967 -0.012497
3.215969 0.013065
3.220970 0.035159
3.225972 0.046756
3.230973 0.044630
3.235975 0.029827
3.240976 0.006759
3.245978 -0.018442
3.250980 -0.039678
3.255981 -0.052303
3.260983 -0.053945
3.265984 -0.044705
3.270986 -0.026878
3.275987 -0.004381
3.280989 0.017982
3.285990 0.035423
3.290992 0.044212
3.295993 0.042755
3.300995 0.032403
3.305996 0.017425
3.310998 0.003655
3.315999 -0.003993
3.321001 -0.004073
3.326002 0.000360
3.331004 0.003267
3.336005 -0.000833
3.341007 -0.013250
3.346008 -0.029634
3.351010 -0.041652
3.356011 -0.041129
3.361013 -0.024569
3.366014 0.004280
3.371016 0.035235
3.376017 0.055666
3.381019 0.055929
3.386020 0.033818
3.391022 -0.003945
3.396023 -0.043842
3.401025 -0.070525
3.406026 -0.072760
3.411028 -0.048049
3.416029 -0.003968
3.421031 0.044522
3.426032 0.080699
3.431034 0.092204
3.436035 0.075227
3.441037 0.035399
3.446038 -0.014597
3.451040 -0.059699
3.456041 -0.087596
3.461043 -0.092432
3.466044 -0.075766
3.471046 -0.044758
3.476047 -0.008770
3.481049 0.023937
3.486050 0.048142
3.491052 0.061932
3.496053 0.065765
3.501055 0.061119
3.506056 0.049490
3.511058 0.032187
3.516059 0.010856
3.521061 -0.011879
3.526062 -0.032339
3.531064 -0.046462
3.536065 -0.051047
3.541067 -0.045090
3.546068 -0.030516
3.551070 -0.011752
3.556071 0.005763
3.561073 0.017404
3.566074 0.020689
3.571076 0.015724
3.576077 0.004894
3.581079 -0.007894
3.586080 -0.018245
3.591082 -0.022435
3.596083 -0.018524
3.601085 -0.007095
3.606086 0.008786
3.611088 0.024632
3.616090 0.036239
3.621091 0.041059
3.626093 0.038528
3.631094 0.029548
3.636096 0.015834
3.641097 -0.000419
3.646099 -0.016651
3.651100 -0.030113
3.656102 -0.038246
3.661103 -0.039246
3.666105 -0.032732
3.671106 -0.020267
3.676108 -0.005246
3.681109 0.008151
3.686111 0.016553
3.691112 0.018641
3.696114 0.015367
3.701115 0.009192
3.706117 0.002861
3.711118 -0.001655
3.716120 -0.003609
3.721121 -0.003259
3.726123 -0.001248
3.731124 0.001931
3.736126 0.006035
3.741127 0.010759
3.746129 0.015354
3.751130 0.018535
3.756132 0.018732
3.761133 0.014565
3.766135 0.005420
3.771136 -0.008015
3.776138 -0.023444
3.781139 -0.037108
3.786141 -0.044572
3.791142 -0.042203
3.796144 -0.028973
3.801145 -0.007643
3.806147 0.015635
3.811148 0.033492
3.816150 0.040405
3.821151 0.035091
3.826153 0.021044
3.831154 0.004976
3.836156 -0.006095
3.841157 -0.007915
3.846159 -0.000836
3.851160 0.010413
3.856162 0.018911
3.861163 0.018660
3.866165 0.007297
3.871166 -0.012665
3.876168 -0.034619
3.881169 -0.050414
3.886171 -0.053588
3.891172 -0.041894
3.896174 -0.018142
3.901175 0.010884
3.906177 0.036914
3.911178 0.053118
3.916180 0.056250
3.921181 0.047233
3.926183 0.030242
3.931184 0.010979
3.936186 -0.005278
3.941187 -0.015381
3.946189 -0.019215
3.951190 -0.019208
3.956192 -0.018582
3.961193 -0.019333
3.966195 -0.021169
3.971197 -0.021926
3.976198 -0.019050
3.981200 -0.011293
3.986201 0.000187
3.991203 0.011910
3.996204 0.019515
4.001206 0.019952
4.006207 0.013145
4.011209 0.002147
4.016210 -0.008198
4.021212 -0.013277
4.026213 -0.010648
4.031215 -0.001333
4.036216 0.010158
4.041218 0.017549
4.046219 0.015818
4.051221 0.004011
4.056222 -0.013788
4.061224 -0.029915
4.066225 -0.036340
4.071227 -0.028169
4.076228 -0.006032
4.081230 0.023577
4.086231 0.050286
4.091233 0.063618
4.096234 0.057204
4.101236 0.031683
4.106237 -0.005122
4.111239 -0.041017
4.116240 -0.064037
4.121242 -0.066895
4.126243 -0.049577
4.131245 -0.019219
4.136246 0.012680
4.141248 0.034701
4.146249 0.039914
4.151251 0.028427
4.156252 0.006980
4.161254 -0.014189
4.166255 -0.025764
4.171257 -0.023077
4.176258 -0.007603
4.181260 0.014157
4.186261 0.033655
4.191263 0.043738
4.196264 0.041177
4.201266 0.027506
4.206267 0.008097
4.211269 -0.010132
4.216270 -0.021547
4.221272 -0.024020
4.226273 -0.019501
4.231275 -0.012674
4.236276 -0.008409
4.241278 -0.009314
4.246279 -0.014563
4.251281 -0.020425
4.256282 -0.022151
4.261284 -0.016383
4.266285 -0.003012
4.271287 0.014456
4.276288 0.030263
4.281290 0.038778
4.286291 0.036761
4.291293 0.024617
4.296294 0.006170
4.301296 -0.012796
4.306297 -0.026490
4.311299 -0.030756
4.316300 -0.024175
4.321302 -0.008577
4.326303 0.011183
4.331305 0.028521
4.336307 0.037330
4.341308 0.034347
4.346310 0.020577
4.351311 0.001058
4.356313 -0.017123
4.361314 -0.027705
4.366316 -0.027688
4.371317 -0.018145
4.376319 -0.003216
4.381320 0.011902
4.386322 0.022860
4.391323 0.027240
4.396325 0.024861
4.401326 0.017522
4.406328 0.008273
4.411329 0.000253
4.416331 -0.004566
4.421332 -0.006229
4.426334 -0.006726
4.431335 -0.008792
4.436337 -0.014013
4.441338 -0.021354
4.446340 -0.027224
4.451341 -0.027233
4.456343 -0.018672
4.461344 -0.002279
4.466346 0.017629
4.471347 0.034695
4.476349 0.043031
4.481350 0.039539
4.486352 0.025162
4.491353 0.004713
4.496355 -0.014541
4.501356 -0.025166
4.506358 -0.022011
4.511359 -0.003964
4.516361 0.025580
4.521362 0.059608
4.526364 0.089392
4.531365 0.106779
4.536367 0.106175
4.541368 0.085820
4.546370 0.048216
4.551371 -0.000299
4.556373 -0.050826
4.561374 -0.093778
4.566376 -0.120896
4.571377 -0.127028
4.576379 -0.111489
4.581380 -0.078759
4.586382 -0.037924
4.591383 -0.000516
4.596385 0.022905
4.601386 0.026339
4.606388 0.010714
4.611389 -0.016090
4.616391 -0.041895
4.621392 -0.054697
4.626394 -0.047156
4.631395 -0.019196
4.636397 0.022279
4.641398 0.066205
4.646400 0.101380
4.651401 0.120062
4.656403 0.119787
4.661404 0.102917
4.666406 0.074676
4.671407 0.041062
4.676409 0.007465
4.681410 -0.022070
4.686412 -0.045200
4.691414 -0.061216
4.696415 -0.070458
4.701417 -0.073533
4.706418 -0.070814
4.711420 -0.062466
4.716421 -0.048844
4.721423 -0.030910
4.726424 -0.010388
4.731426 0.010541
4.736427 0.029889
4.741429 0.046486
4.746430 0.060134
4.751432 0.071186
4.756433 0.079802
4.761435 0.085360
4.766436 0.086313
4.771438 0.080515
4.776439 0.065856
4.781441 0.041140
4.786442 0.007123
4.791444 -0.032730
4.796445 -0.072351
4.801447 -0.104301
4.806448 -0.121743
4.811450 -0.120426
4.816451 -0.100080
4.821453 -0.064939
4.826454 -0.023339
4.831456 0.013756
4.836457 0.035359
4.841459 0.033736
4.846460 0.007318
4.851462 -0.038051
4.856463 -0.090366
4.861465 -0.135159
4.866466 -0.160449
4.871468 -0.160861
4.876469 -0.139103
4.881471 -0.104248
4.886472 -0.067772
4.891474 -0.039096
4.896475 -0.022294
4.901477 -0.015081
4.906478 -0.010326
4.911480 0.000658
4.916481 0.024479
4.921483 0.063082
4.926484 0.112967
4.931486 0.166193
4.936487 0.212476
4.941489 0.241427
4.946490 0.244323
4.951492 0.215401
4.956493 0.152946
4.961495 0.060221
4.966496 -0.054056
4.971498 -0.176097
4.976499 -0.288588
4.981501 -0.373256
4.986502 -0.413966
4.991504 -0.399732
4.996505 -0.327123
5.001507 -0.201620
5.006508 -0.037666
5.011510 0.142751
5.016511 0.312964
5.021513 0.445713
5.026514 0.518000
5.031516 0.515950
5.036517 0.438485
5.041519 0.298495
5.046520 0.120761
5.051522 -0.063059
5.056524 -0.221185
5.061525 -0.328531
5.066527 -0.371782
5.071528 -0.351270
5.076530 -0.279164
5.081531 -0.174817
5.086533 -0.059088
5.091534 0.050342
5.096536 0.141228
5.101537 0.206444
5.106539 0.242171
5.111540 0.246202
5.116542 0.217604
5.121543 0.158077
5.126545 0.074277
5.131546 -0.020534
5.136548 -0.107326
5.141549 -0.165490
5.146551 -0.179360
5.151552 -0.144524
5.156554 -0.071029
5.161555 0.018368
5.166557 0.094804
5.171558 0.132580
5.176560 0.117734
5.181561 0.052935
5.186563 -0.042795
5.191564 -0.139403
5.196566 -0.204774
5.201567 -0.214872
5.206569 -0.161901
5.211570 -0.057640
5.216572 0.069469
5.221573 0.182809
5.226575 0.249089
5.231576 0.249172
5.236578 0.184588
5.241579 0.077354
5.246581 -0.037151
5.251582 -0.122115
5.256584 -0.152107
5.261585 -0.122210
5.266587 -0.049765
5.271588 0.032384
5.276590 0.088716
5.281591 0.094822
5.286593 0.046593
5.291594 -0.038594
5.296596 -0.128810
5.301597 -0.189708
5.306599 -0.197239
5.311600 -0.146288
5.316602 -0.052205
5.321603 0.055134
5.326605 0.142339
5.331606 0.184424
5.336608 0.173190
5.341609 0.118950
5.346611 0.045227
5.351612 -0.021066
5.356614 -0.059870
5.361615 -0.064752
5.366617 -0.043801
5.371618 -0.014664
5.376620 0.003878
5.381621 -0.000001
5.386623 -0.026632
5.391624 -0.065264
5.396626 -0.098794
5.401627 -0.110792
5.406629 -0.092193
5.411631 -0.045281
5.416632 0.016424
5.421634 0.072480
5.426635 0.102750
5.431637 0.095079
5.436638 0.050400
5.441640 -0.016993
5.446641 -0.084336
5.451643 -0.128596
5.456644 -0.134784
5.461646 -0.101271
5.466647 -0.040189
5.471649 0.027022
5.476650 0.077152
5.481652 0.093211
5.486653 0.070254
5.491655 0.017063
5.496656 -0.047037
5.501658 -0.099102
5.506659 -0.120662
5.511661 -0.104052
5.516662 -0.054801
5.521664 0.010728
5.526665 0.071506
5.531667 0.109395
5.536668 0.115241
5.541670 0.091399
5.546671 0.049946
5.551673 0.007504
5.556674 -0.021049
5.561676 -0.027354
5.566677 -0.011142
5.571679 0.021523
5.576680 0.061907
5.581682 0.102089
5.586683 0.136828
5.591685 0.163561
5.596686 0.181098
5.601688 0.187976
5.606689 0.181484
5.611691 0.158070
5.616692 0.114987
5.621694 0.052378
5.626695 -0.025097
5.631697 -0.107750
5.636698 -0.182011
5.641700 -0.233355
5.646701 -0.250391
5.651703 -0.228863
5.656704 -0.174133
5.661706 -0.100919
5.666707 -0.029761
5.671709 0.019030
5.676710 0.031880
5.681712 0.006446
5.686713 -0.047633
5.691715 -0.111986
5.696716 -0.165643
5.701718 -0.191953
5.706719 -0.183778
5.711721 -0.145115
5.716722 -0.088653
5.721724 -0.030477
5.726725 0.015802
5.731727 0.043061
5.736728 0.051355
5.741730 0.045669
5.746731 0.032522
5.751733 0.017381
5.756734 0.003755
5.761736 -0.006299
5.766737 -0.011100
5.771739 -0.008579
5.776741 0.003645
5.781742 0.027207
5.786744 0.061326
5.791745 0.101406
5.796747 0.139072
5.801748 0.164259
5.806750 0.168872
5.811751 0.150430
5.816753 0.113891
5.821754 0.070522
5.826756 0.034008
5.831757 0.015381
5.836759 0.018929
5.841760 0.040752
5.846762 0.070410
5.851763 0.094819
5.856765 0.102753
5.861766 0.088226
5.866768 0.051765
5.871769 -0.000436
5.876771 -0.058766
5.881772 -0.113034
5.886774 -0.155086
5.891775 -0.180382
5.896777 -0.188097
5.901778 -0.180041
5.906780 -0.159228
5.911781 -0.128819
5.916783 -0.091716
5.921784 -0.050706
5.926786 -0.008685
5.931787 0.031342
5.936789 0.066440
5.941790 0.093954
5.946792 0.111739
5.951793 0.118489
5.956795 0.114082
5.961796 0.099763
5.966798 0.078222
5.971799 0.053676
5.976801 0.031743
5.981802 0.018501
5.986804 0.018542
5.991805 0.032781
5.996807 0.057254
6.001808 0.083735
6.006810 0.102214
6.011811 0.104395
6.016813 0.086831
6.021814 0.052397
6.026816 0.009468
6.031817 -0.030961
6.036819 -0.059147
6.041820 -0.070048
6.046822 -0.065133
6.051823 -0.051894
6.056825 -0.041166
6.061826 -0.043081
6.066828 -0.062984
6.071829 -0.098817
6.076831 -0.141074
6.081832 -0.175636
6.086834 -0.188589
6.091835 -0.171118
6.096837 -0.122536
6.101838 -0.050513
6.106840 0.031190
6.111841 0.106546
6.116843 0.161437
6.121844 0.187087
6.126846 0.181928
6.131847 0.151590
6.136849 0.107037
6.141851 0.061138
6.146852 0.024438
6.151854 0.001531
6.156855 -0.010461
6.161857 -0.020577
6.166858 -0.040253
6.171860 -0.078353
6.176861 -0.136659
6.181863 -0.207455
6.186864 -0.274384
6.191866 -0.316659
6.196867 -0.315569
6.201869 -0.261220
6.206870 -0.157088
6.211872 -0.020539
6.216873 0.121260
6.221875 0.238965
6.226876 0.309787
6.231878 0.324197
6.236879 0.288091
6.241881 0.219649
6.246882 0.142166
6.251884 0.075663
6.256885 0.030433
6.261887 0.004892
6.266888 -0.011675
6.271890 -0.032740
6.276891 -0.067358
6.281893 -0.115343
6.286894 -0.166743
6.291896 -0.205511
6.296897 -0.215576
6.301899 -0.186909
6.306900 -0.119506
6.311902 -0.023917
6.316903 0.081756
6.321905 0.177130
6.326906 0.245042
6.331908 0.275600
6.336909 0.267873
6.341911 0.229035
6.346912 0.171431
6.351914 0.108625
6.356915 0.051690
6.361917 0.006747
6.366918 -0.025689
6.371920 -0.049466
6.376921 -0.070104
6.381923 -0.091669
6.386924 -0.114489
6.391926 -0.134563
6.396927 -0.144805
6.401929 -0.137624
6.406930 -0.107994
6.411932 -0.055903
6.416933 0.012715
6.421935 0.086847
6.426936 0.152742
6.431938 0.197145
6.436939 0.210680
6.441941 0.190413
6.446942 0.140650
6.451944 0.071452
6.456945 -0.004688
6.461947 -0.076749
6.466948 -0.138022
6.471950 -0.186585
6.476951 -0.223353
6.481953 -0.248886
6.486954 -0.260726
6.491956 -0.252655
6.496958 -0.216454
6.501959 -0.145859
6.506961 -0.041221
6.511962 0.087404
6.516964 0.220569
6.521965 0.333261
6.526967 0.400883
6.531968 0.405573
6.536970 0.341138
6.541971 0.215286
6.546973 0.048598
6.551974 -0.129415
6.556976 -0.286321
6.561977 -0.393781
6.566979 -0.434139
6.571980 -0.404727
6.576982 -0.318279
6.581983 -0.198945
6.586985 -0.074992
6.591986 0.029359
6.596988 0.100024
6.601989 0.134949
6.606991 0.141565
6.611992 0.131585
6.616994 0.115757
6.621995 0.100547
6.626997 0.087394
6.631998 0.074341
6.637000 0.059149
6.642001 0.042218
6.647003 0.027437
6.652004 0.020239
6.657006 0.023997
6.662007 0.036987
6.667009 0.051843
6.672010 0.058084
6.677012 0.046848
6.682013 0.015729
6.687015 -0.028650
6.692016 -0.071744
6.697018 -0.095628
6.702019 -0.085418
6.707021 -0.035361
6.712022 0.047585
6.717024 0.144268
6.722025 0.228192
6.727027 0.273404
6.732028 0.262947
6.737030 0.194946
6.742031 0.084043
6.747033 -0.042447
6.752034 -0.152430
6.757036 -0.218540
6.762037 -0.226361
6.767039 -0.178723
6.772040 -0.094505
6.777042 -0.002254
6.782043 0.069190
6.787045 0.099882
6.792046 0.084728
6.797048 0.034291
6.802049 -0.029704
6.807051 -0.082467
6.812052 -0.104943
6.817054 -0.090195
6.822055 -0.045179
6.827057 0.012592
6.832058 0.062179
6.837060 0.087358
6.842061 0.082472
6.847063 0.053618
6.852064 0.014863
6.857066 -0.018611
6.862068 -0.037191
6.867069 -0.040139
6.872071 -0.034128
6.877072 -0.028129
6.882074 -0.027645
6.887075 -0.031414
6.892077 -0.032323
6.897078 -0.022074
6.902080 0.002978
6.907081 0.038077
6.912083 0.070511
6.917084 0.084227
6.922086 0.066767
6.927087 0.015698
6.932089 -0.058385
6.937090 -0.134119
6.942092 -0.186482
6.947093 -0.195977
6.952095 -0.156161
6.957096 -0.076579
6.962098 0.019937
6.967099 0.104574
6.972101 0.151844
6.977102 0.147604
6.982104 0.092981
6.987105 0.003117
6.992107 -0.098259
6.997108 -0.186018
7.002110 -0.240047
7.007111 -0.249316
7.012113 -0.213203
7.017114 -0.140451
7.022116 -0.046313
7.027117 0.051547
7.032119 0.137489
7.037120 0.201322
7.042122 0.239399
7.047123 0.253157
7.052125 0.246187
7.057126 0.221547
7.062128 0.180654
7.067129 0.124186
7.072131 0.054427
7.077132 -0.022324
7.082134 -0.094862
7.087135 -0.148715
7.092137 -0.170231
7.097138 -0.151995
7.102140 -0.097478
7.107141 -0.022530
7.112143 0.047872
7.117144 0.087330
7.122146 0.077699
7.127147 0.016870
7.132149 -0.078820
7.137150 -0.179040
7.142152 -0.249656
7.147153 -0.265088
7.152155 -0.218063
7.157156 -0.122585
7.162158 -0.008523
7.167159 0.090115
7.172161 0.148279
7.177162 0.158717
7.182164 0.132862
7.187165 0.093804
7.192167 0.064987
7.197168 0.059799
7.202170 0.076429
7.207171 0.099819
7.212173 0.109497
7.217175 0.089586
7.222176 0.036513
7.227178 -0.038779
7.232179 -0.114835
7.237181 -0.167981
7.242182 -0.181410
7.247184 -0.151396
7.252185 -0.088172
7.257187 -0.011283
7.262188 0.058362
7.267190 0.106200
7.272191 0.128245
7.277193 0.130390
7.282194 0.123589
7.287196 0.117603
7.292197 0.116339
7.297199 0.116614
7.302200 0.110410
7.307202 0.089262
7.312203 0.048819
7.317205 -0.008289
7.322206 -0.072461
7.327208 -0.129973
7.332209 -0.167538
7.337211 -0.176713
7.342212 -0.156545
7.347214 -0.113756
7.352215 -0.060720
7.357217 -0.011874
7.362218 0.020506
7.367220 0.030005
7.372221 0.018053
7.377223 -0.006551
7.382224 -0.030619
7.387226 -0.041236
7.392227 -0.030494
7.397229 0.001477
7.402230 0.046373
7.407232 0.090462
7.412233 0.119112
7.417235 0.121512
7.422236 0.094132
7.427238 0.041914
7.432239 -0.023064
7.437241 -0.085002
7.442242 -0.128982
7.447244 -0.145453
7.452245 -0.132991
7.457247 -0.098054
7.462248 -0.051835
7.467250 -0.005867
7.472251 0.031515
7.477253 0.056631
7.482254 0.069926
7.487256 0.074277
7.492257 0.073060
7.497259 0.068681
7.502260 0.062083
7.507262 0.053228
7.512263 0.041946
7.517265 0.028393
7.522266 0.012966
7.527268 -0.003785
7.532269 -0.020806
7.537271 -0.036006
7.542272 -0.046148
7.547274 -0.047479
7.552275 -0.036976
7.557277 -0.013941
7.562278 0.018675
7.567280 0.054062
7.572281 0.082990
7.577283 0.096496
7.582285 0.088807
7.587286 0.059409
7.592288 0.013505
7.597289 -0.039307
7.602291 -0.087712
7.607292 -0.121811
7.612294 -0.135694
7.617295 -0.128764
7.622297 -0.105540
7.627298 -0.074049
7.632300 -0.043222
7.637301 -0.020086
7.642303 -0.007703
7.647304 -0.004620
7.652306 -0.005966
7.657307 -0.005780
7.662309 0.000315
7.667310 0.013191
7.672312 0.029838
7.677313 0.044679
7.682315 0.051903
7.687316 0.047868
7.692318 0.032714
7.697319 0.010561
7.702321 -0.011921
7.707322 -0.028070
7.712324 -0.033787
7.717325 -0.028983
7.722327 -0.017379
7.727328 -0.004668
7.732330 0.004278
7.737331 0.007984
7.742333 0.009386
7.747334 0.014581
7.752336 0.029706
7.757337 0.057399
7.762339 0.094554
7.767340 0.132509
7.772342 0.159654
7.777343 0.165518
7.782345 0.144894
7.787346 0.100616
7.792348 0.043787
7.797349 -0.009123
7.802351 -0.041827
7.807352 -0.044439
7.812354 -0.017768
7.817355 0.026258
7.822357 0.068412
7.827358 0.088967
7.832360 0.075014
7.837361 0.025489
7.842363 -0.047998
7.847364 -0.124836
7.852366 -0.182409
7.857367 -0.204119
7.862369 -0.185466
7.867370 -0.135595
7.872372 -0.073575
7.877373 -0.021111
7.882375 0.005344
7.887376 0.000280
7.892378 -0.029161
7.897379 -0.066033
7.902381 -0.090170
7.907382 -0.086257
7.912384 -0.050225
7.917385 0.008766
7.922387 0.071691
7.927388 0.116993
7.932390 0.128856
7.937392 0.103130
7.942393 0.048669
7.947395 -0.016247
7.952396 -0.070812
7.957398 -0.099113
7.962399 -0.095326
7.967401 -0.064931
7.972402 -0.021753
7.977404 0.017854
7.982405 0.041349
7.987407 0.044321
7.992408 0.031088
7.997410 0.011528
8.002411 -0.004156
8.007413 -0.010126
8.012414 -0.006887
8.017416 0.000175
8.022417 0.004535
8.027419 0.002357
8.032420 -0.005577
8.037422 -0.014511
8.042423 -0.018323
8.047425 -0.012778
8.052426 0.001959
8.057428 0.020689
8.062429 0.034970
8.067431 0.036803
8.072432 0.022558
8.077434 -0.004775
8.082435 -0.036231
8.087437 -0.060267
8.092438 -0.067438
8.097440 -0.054281
8.102441 -0.024703
8.107443 0.011630
8.112444 0.043129
8.117446 0.060581
8.122447 0.060064
8.127449 0.043647
8.132450 0.018106
8.137452 -0.007604
8.142453 -0.025321
8.147455 -0.030122
8.152456 -0.021297
8.157458 -0.001665
8.162459 0.024046
8.167461 0.050729
8.172462 0.073834
8.177464 0.089686
8.182465 0.095411
8.187467 0.088831
8.192468 0.068751
8.197470 0.035747
8.202471 -0.006989
8.207473 -0.053366
8.212474 -0.094961
8.217476 -0.122438
8.222477 -0.127760
8.227479 -0.106750
8.232480 -0.061049
8.237482 0.001582
8.242483 0.068927
8.247485 0.127386
8.252486 0.165426
8.257488 0.176335
8.262489 0.159574
8.267491 0.120458
8.272492 0.068436
8.277494 0.014556
8.282495 -0.031197
8.287497 -0.062045
8.292498 -0.075472
8.297500 -0.072919
8.302502 -0.058350
8.307503 -0.036408
8.312505 -0.011015
8.317506 0.015059
8.322508 0.039673
8.327509 0.060259
8.332511 0.073024
8.337512 0.073180
8.342514 0.056514
8.347515 0.021695
8.352517 -0.027953
8.357518 -0.084231
8.362520 -0.135671
8.367521 -0.170505
8.372523 -0.180101
8.377524 -0.161783
8.382526 -0.120026
8.387527 -0.065436
8.392529 -0.011684
8.397530 0.028574
8.402532 0.047422
8.407533 0.043913
8.412535 0.024095
8.417536 -0.001356
8.422538 -0.021174
8.427539 -0.027614
8.432541 -0.018964
8.437542 0.000391
8.442544 0.022028
8.447545 0.036755
8.452547 0.038032
8.457548 0.024421
8.462550 0.000128
8.467551 -0.026658
8.472553 -0.046900
8.477554 -0.054021
8.482556 -0.046122
8.487557 -0.026314
8.492559 -0.001078
8.497560 0.022598
8.502562 0.039994
8.507563 0.050244
8.512565 0.056250
8.517566 0.063036
8.522568 0.075018
8.527569 0.093136
8.532571 0.113278
8.537572 0.127153
8.542574 0.125536
8.547575 0.102461
8.552577 0.058441
8.557578 0.001276
8.562580 -0.055921
8.567581 -0.098730
8.572583 -0.115967
8.577584 -0.103223
8.582586 -0.064317
8.587587 -0.010289
8.592589 0.043786
8.597590 0.083211
8.602592 0.097905
8.607593 0.085077
8.612595 0.049582
8.617596 0.002011
8.622598 -0.044755
8.627599 -0.079359
8.632601 -0.094915
8.637602 -0.090288
8.642604 -0.069598
8.647605 -0.040391
8.652607 -0.011206
8.657608 0.010658
8.662610 0.020642
8.667612 0.017569
8.672613 0.003484
8.677615 -0.017263
8.682616 -0.039425
8.687618 -0.058182
8.692619 -0.069839
8.697621 -0.071935
8.702622 -0.063310
8.707624 -0.044440
8.712625 -0.017622
8.717627 0.013448
8.722628 0.044459
8.727630 0.071002
8.732631 0.088720
8.737633 0.093600
8.742634 0.082712
8.747636 0.055235
8.752637 0.013251
8.757639 -0.038146
8.762640 -0.091566
8.767642 -0.138637
8.772643 -0.171576
8.777645 -0.184723
8.782646 -0.175652
8.787648 -0.145494
8.792649 -0.098397
8.797651 -0.040569
8.802652 0.020730
8.807654 0.078192
8.812655 0.125536
8.817657 0.158468
8.822658 0.175166
8.827660 0.176186
8.832661 0.163948
8.837663 0.142057
8.842664 0.114555
8.847666 0.085209
8.852667 0.056961
8.857669 0.031694
8.862670 0.010205
8.867672 -0.007738
8.872673 -0.023176
8.877675 -0.037482
8.882676 -0.051767
8.887678 -0.066517
8.892679 -0.081515
8.897681 -0.095783
8.902682 -0.107396
8.907684 -0.113553
8.912685 -0.111278
8.917687 -0.098589
8.922688 -0.075458
8.927690 -0.044028
8.932691 -0.008085
8.937693 0.027860
8.942694 0.059461
8.947696 0.083125
8.952697 0.096335
8.957699 0.097896
8.962700 0.088095
8.967702 0.068625
8.972703 0.042201
8.977705 0.012116
8.982706 -0.017979
8.987708 -0.044125
8.992709 -0.062248
8.997711 -0.068816
9.002712 -0.061949
9.007714 -0.042488
9.012715 -0.014345
9.017717 0.016239
9.022719 0.042261
9.027720 0.057811
9.032722 0.059641
9.037723 0.048039
9.042725 0.026776
9.047726 0.002086
9.052728 -0.019138
9.057729 -0.031421
9.062731 -0.032406
9.067732 -0.023477
9.072734 -0.009000
9.077735 0.005539
9.082737 0.015622
9.087738 0.019052
9.092740 0.016097
9.097741 0.008667
9.102743 -0.000819
9.107744 -0.010269
9.112746 -0.018329
9.117747 -0.024524
9.122749 -0.029013
9.127750 -0.031933
9.132752 -0.032800
9.137753 -0.030610
9.142755 -0.024621
9.147756 -0.015097
9.152758 -0.003475
9.157759 0.008111
9.162761 0.017651
9.167762 0.024086
9.172764 0.027779
9.177765 0.030289
9.182767 0.033431
9.187768 0.038016
9.192770 0.042989
9.197771 0.045454
9.202773 0.041649
9.207774 0.028539
9.212776 0.005451
9.217777 -0.024970
9.222779 -0.057067
9.227780 -0.083739
9.232782 -0.098641
9.237783 -0.098176
9.242785 -0.082713
9.247786 -0.056651
9.252788 -0.027250
9.257789 -0.002527
9.262791 0.011076
9.267792 0.010432
9.272794 -0.003584
9.277795 -0.026402
9.282797 -0.050950
9.287798 -0.069602
9.292800 -0.076407
9.297801 -0.068762
9.302803 -0.047926
9.307804 -0.018342
9.312806 0.013777
9.317807 0.042056
9.322809 0.061385
9.327810 0.068911
9.332812 0.064401
9.337813 0.049910
9.342815 0.028884
9.347816 0.005108
9.352818 -0.018064
9.357819 -0.037942
9.362821 -0.052357
9.367822 -0.059466
9.372824 -0.057746
9.377825 -0.046294
9.382827 -0.025452
9.387829 0.002463
9.392830 0.032895
9.397832 0.059758
9.402833 0.077055
9.407835 0.080723
9.412836 0.069918
9.417838 0.047334
9.422839 0.018577
9.427841 -0.009295
9.432842 -0.029720
9.437844 -0.038515
9.442845 -0.034950
9.447847 -0.021563
9.452848 -0.002812
9.457850 0.016703
9.462851 0.033519
9.467853 0.045663
9.472854 0.052308
9.477856 0.053326
9.482857 0.049159
9.487859 0.041057
9.492860 0.031323
9.497862 0.023065
9.502863 0.019354
9.507865 0.022195
9.512866 0.031809
9.517868 0.046382
9.522869 0.062223
9.527871 0.074465
9.532872 0.078481
9.537874 0.071618
9.542875 0.054326
9.547877 0.029954
9.552878 0.003345
9.557880 -0.020894
9.562881 -0.039560
9.567883 -0.051175
9.572884 -0.055818
9.577886 -0.054910
9.582887 -0.050912
9.587889 -0.046672
9.592890 -0.044456
9.597892 -0.045143
9.602893 -0.047916
9.607895 -0.050463
9.612896 -0.049534
9.617898 -0.041854
9.622899 -0.025324
9.627901 -0.000104
9.632902 0.030991
9.637904 0.063055
9.642905 0.090460
9.647907 0.108507
9.652908 0.114748
9.657910 0.109589
9.662911 0.096034
9.667913 0.078572
9.672914 0.061444
9.677916 0.047025
9.682917 0.035301
9.687919 0.024706
9.692920 0.013574
9.697922 0.001223
9.702923 -0.011773
9.707925 -0.023956
9.712926 -0.033616
9.717928 -0.039394
9.722929 -0.040785
9.727931 -0.038391
9.732932 -0.033707
9.737934 -0.028441
9.742936 -0.023910
9.747937 -0.020897
9.752939 -0.019862
9.757940 -0.021161
9.762942 -0.025114
9.767943 -0.031953
9.772945 -0.041587
9.777946 -0.053156
9.782948 -0.064614
9.787949 -0.072818
9.792951 -0.074414
9.797952 -0.067256
9.802954 -0.051626
9.807955 -0.030446
9.812957 -0.008156
9.817958 0.011145
9.822960 0.025228
9.827961 0.034248
9.832963 0.040308
9.837964 0.046415
9.842966 0.055029
9.847967 0.066609
9.852969 0.078882
9.857970 0.087349
9.862972 0.086979
9.867973 0.074409
9.872975 0.049741
9.877976 0.017077
9.882978 -0.016517
9.887979 -0.043277
9.892981 -0.057272
9.897982 -0.056239
9.902984 -0.042103
9.907985 -0.020214
9.912987 0.002330
9.917988 0.018733
9.922990 0.024437
9.927991 0.018344
9.932993 0.002893
9.937994 -0.017100
9.942996 -0.036357
9.947997 -0.050976
9.952999 -0.059345
9.958000 -0.061863
9.963002 -0.059978
9.968003 -0.055317
9.973005 -0.049324
9.978006 -0.043295
9.983008 -0.038547
9.988009 -0.036470
9.993011 -0.038232
9.998012 -0.044133
10.003014 -0.052898
10.008015 -0.061467
10.013017 -0.065610
10.018018 -0.061224
10.023020 -0.045754
10.028021 -0.019208
10.033023 0.015548
10.038024 0.053390
10.043026 0.088335
10.048027 0.115179
10.053029 0.130651
10.058030 0.133747
10.063032 0.125455
10.068033 0.108177
10.073035 0.084966
10.078036 0.058689
10.083038 0.031484
10.088039 0.004830
10.093041 -0.019850
10.098042 -0.040640
10.103044 -0.055155
10.108046 -0.061233
10.113047 -0.057863
10.118049 -0.045899
10.123050 -0.028226
10.128052 -0.009287
10.133053 0.006021
10.138055 0.013750
10.143056 0.012141
10.148058 0.002212
10.153059 -0.012517
10.158061 -0.027059
10.163062 -0.036390
10.168064 -0.036853
10.173065 -0.027162
10.178067 -0.008822
10.183068 0.014091
10.188070 0.035800
10.193071 0.050325
10.198073 0.053315
10.203074 0.043511
10.208076 0.023176
10.213077 -0.002635
10.218079 -0.027513
10.223080 -0.045380
10.228082 -0.052022
10.233083 -0.046155
10.238085 -0.029768
10.243086 -0.007574
10.248088 0.014468
10.253089 0.031252
10.258091 0.040345
10.263092 0.042539
10.268094 0.040869
10.273095 0.038751
10.278097 0.038306
10.283098 0.039624
10.288100 0.041096
10.293101 0.040351
10.298103 0.035304
10.303104 0.025005
10.308106 0.010116
10.313107 -0.007219
10.318109 -0.024182
10.323110 -0.038392
10.328112 -0.048648
10.333113 -0.054963
10.338115 -0.058036
10.343116 -0.058583
10.348118 -0.056757
10.353119 -0.051886
10.358121 -0.042781
10.363122 -0.028590
10.368124 -0.009711
10.373125 0.011823
10.378127 0.032610
10.383128 0.048610
10.388130 0.056200
10.393131 0.053328
10.398133 0.040418
10.403134 0.020601
10.408136 -0.000845
10.413137 -0.017709
10.418139 -0.024452
10.423140 -0.017927
10.428142 0.001274
10.433143 0.028598
10.438145 0.056859
10.443146 0.078629
10.448148 0.088523
10.453149 0.084522
10.458151 0.068109
10.463153 0.043383
10.468154 0.015489
10.473156 -0.011095
10.478157 -0.033785
10.483159 -0.052191
10.488160 -0.067463
10.493162 -0.081069
10.498163 -0.093541
10.503165 -0.103731
10.508166 -0.108988
10.513168 -0.106280
10.518169 -0.093746
10.523171 -0.071908
10.528172 -0.043934
10.533174 -0.014862
10.538175 0.009924
10.543177 0.026414
10.548178 0.033322
10.553180 0.032536
10.558181 0.028433
10.563183 0.026191
10.568184 0.029710
10.573186 0.040000
10.578187 0.054708
10.583189 0.068939
10.588190 0.076980
10.593192 0.074384
10.598193 0.059736
10.603195 0.035426
10.608196 0.007019
10.613198 -0.018524
10.618199 -0.035078
10.623201 -0.039323
10.628202 -0.031869
10.633204 -0.017007
10.638205 -0.001127
10.643207 0.009523
10.648208 0.010842
10.653210 0.002061
10.658211 -0.014181
10.663213 -0.032912
10.668214 -0.048676
10.673216 -0.057351
10.678217 -0.057216
10.683219 -0.049030
10.688220 -0.035374
10.693222 -0.019691
10.698223 -0.005361
10.703225 0.005013
10.708226 0.010074
10.713228 0.009915
10.718229 0.005985
10.723231 0.000721
10.728232 -0.003083
10.733234 -0.003105
10.738235 0.001737
10.743237 0.011006
10.748238 0.023139
10.753240 0.036214
10.758241 0.048496
10.763243 0.058448
10.768244 0.064526
10.773246 0.065339
10.778247 0.060208
10.783249 0.049577
10.788250 0.034908
10.793252 0.018249
10.798253 0.001893
10.803255 -0.011784
10.808256 -0.020510
10.813258 -0.022422
10.818259 -0.016500
10.823261 -0.003117
10.828263 0.015491
10.833264 0.035302
10.838266 0.051321
10.843267 0.058797
10.848269 0.054335
10.853270 0.036799
10.858272 0.008015
10.863273 -0.027068
10.868275 -0.061260
10.873276 -0.087107
10.878278 -0.099341
10.883279 -0.096744
10.888281 -0.082570
10.893282 -0.063318
10.898284 -0.046387
10.903285 -0.037463
10.908287 -0.038460
10.913288 -0.046768
10.918290 -0.056327
10.923291 -0.060136
10.928293 -0.053020
10.933294 -0.033516
10.938296 -0.004331
10.943297 0.028641
10.948299 0.058389
10.953300 0.079184
10.958302 0.088364
10.963303 0.086851
10.968305 0.078230
10.973306 0.066881
10.978308 0.056004
10.983309 0.046403
10.988311 0.036518
10.993312 0.023737
10.998314 0.006326
11.003315 -0.015044
11.008317 -0.037021
11.013318 -0.054651
11.018320 -0.063276
11.023321 -0.060426
11.028323 -0.046959
11.033324 -0.026966
11.038326 -0.006414
11.043327 0.008954
11.048329 0.015644
11.053330 0.013572
11.058332 0.006009
11.063333 -0.001633
11.068335 -0.003813
11.073336 0.002962
11.078338 0.018553
11.083339 0.038936
11.088341 0.057546
11.093342 0.067722
11.098344 0.065204
11.103345 0.049673
11.108347 0.024825
11.113348 -0.002880
11.118350 -0.026369
11.123351 -0.040276
11.128353 -0.042636
11.133354 -0.035269
11.138356 -0.022765
11.143357 -0.010564
11.148359 -0.002956
11.153360 -0.001678
11.158362 -0.005534
11.163363 -0.011109
11.168365 -0.014262
11.173366 -0.011910
11.178368 -0.003436
11.183369 0.008868
11.188371 0.020613
11.193373 0.027055
11.198374 0.024962
11.203376 0.013725
11.208377 -0.004647
11.213379 -0.026388
11.218380 -0.047196
11.223382 -0.063438
11.228383 -0.073006
11.233385 -0.075565
11.238386 -0.072218
11.243388 -0.064777
11.248389 -0.054955
11.253391 -0.043776
11.258392 -0.031450
11.263394 -0.017732
11.268395 -0.002565
11.273397 0.013256
11.278398 0.027708
11.283400 0.037801
11.288401 0.040602
11.293403 0.034650
11.298404 0.021044
11.303406 0.003566
11.308407 -0.012313
11.313409 -0.021149
11.318410 -0.019318
11.323412 -0.006281
11.328413 0.015075
11.333415 0.039234
11.338416 0.059811
11.343418 0.071608
11.348419 0.072237
11.353421 0.062831
11.358422 0.047685
11.363424 0.032764
11.368425 0.023436
11.373427 0.022364
11.378428 0.028603
11.383430 0.038296
11.388431 0.046412
11.393433 0.048630
11.398434 0.042670
11.403436 0.028776
11.408437 0.009295
11.413439 -0.012402
11.418440 -0.033125
11.423442 -0.050628
11.428443 -0.063781
11.433445 -0.072369
11.438446 -0.076717
11.443448 -0.077277
11.448449 -0.074301
11.453451 -0.067804
11.458452 -0.057827
11.463454 -0.044793
11.468455 -0.029738
11.473457 -0.014259
11.478458 -0.000155
11.483460 0.011078
11.488461 0.018690
11.493463 0.022869
11.498464 0.024516
11.503466 0.024678
11.508467 0.023998
11.513469 0.022560
11.518470 0.020188
11.523472 0.016871
11.528473 0.012980
11.533475 0.009121
11.538476 0.005796
11.543478 0.003096
11.548480 0.000595
11.553481 -0.002467
11.558483 -0.006757
11.563484 -0.012415
11.568486 -0.018927
11.573487 -0.025397
11.578489 -0.030960
11.583490 -0.034965
11.588492 -0.036902
11.593493 -0.036297
11.598495 -0.032800
11.603496 -0.026391
11.608498 -0.017444
11.613499 -0.006530
11.618501 0.005812
11.623502 0.019047
11.628504 0.032352
11.633505 0.044319
11.638507 0.052958
11.643508 0.056109
11.648510 0.052158
11.653511 0.040693
11.658513 0.022843
11.663514 0.001192
11.668516 -0.020637
11.673517 -0.038660
11.678519 -0.049368
11.683520 -0.050561
11.688522 -0.041945
11.693523 -0.025233
11.698525 -0.003699
11.703526 0.018694
11.708528 0.038335
11.713529 0.052811
11.718531 0.061222
11.723532 0.063867
11.728534 0.061621
11.733535 0.055400
11.738537 0.045879
11.743538 0.033392
11.748540 0.018045
11.753541 0.000084
11.758543 -0.019570
11.763544 -0.038992
11.768546 -0.055447
11.773547 -0.066056
11.778549 -0.068675
11.783550 -0.062716
11.788552 -0.049658
11.793553 -0.032985
11.798555 -0.017281
11.803556 -0.006663
11.808558 -0.003193
11.813559 -0.006093
11.818561 -0.012157
11.823562 -0.017075
11.828564 -0.017034
11.833565 -0.009992
11.838567 0.003779
11.843568 0.021928
11.848570 0.040814
11.853571 0.056519
11.858573 0.065764
11.863574 0.066522
11.868576 0.058330
11.873577 0.042436
11.878579 0.021748
11.883580 0.000413
11.888582 -0.017109
11.893583 -0.027241
11.898585 -0.028302
11.903586 -0.020869
11.908588 -0.007349
11.913590 0.008977
11.918591 0.024877
11.923593 0.037724
11.928594 0.045781
11.933596 0.048371
11.938597 0.045888
11.943599 0.039562
11.948600 0.031009
11.953602 0.021688
11.958603 0.012450
11.963605 0.003438
11.968606 -0.005604
11.973608 -0.014872
11.978609 -0.024261
11.983611 -0.033428
11.988612 -0.041974
11.993614 -0.049473
11.998615 -0.055370
12.003617 -0.058934
12.008618 -0.059425
12.013620 -0.056318
12.018621 -0.049378
12.023623 -0.038606
12.028624 -0.024286
12.033626 -0.007167
12.038627 0.011421
12.043629 0.029678
12.048630 0.045629
12.053632 0.057457
12.058633 0.063749
12.063635 0.063664
12.068636 0.057153
12.073638 0.045258
12.078639 0.030214
12.083641 0.015003
12.088642 0.002418
12.093644 -0.005906
12.098645 -0.009985
12.103647 -0.011299
12.108648 -0.012026
12.113650 -0.014081
12.118651 -0.018438
12.123653 -0.024940
12.128654 -0.032470
12.133656 -0.039252
12.138657 -0.043261
12.143659 -0.042946
12.148660 -0.038089
12.153662 -0.030189
12.158663 -0.021879
12.163665 -0.015685
12.168666 -0.012926
12.173668 -0.013290
12.178669 -0.015127
12.183671 -0.016250
12.188672 -0.014929
12.193674 -0.010631
12.198675 -0.004190
12.203677 0.002560
12.208678 0.007397
12.213680 0.008416
12.218681 0.004788
12.223683 -0.002609
12.228684 -0.011201
12.233686 -0.017609
12.238687 -0.018982
12.243689 -0.014034
12.248690 -0.003410
12.253692 0.010545
12.258693 0.024464
12.263695 0.034969
12.268697 0.039838
12.273698 0.038850
12.278700 0.033754
12.283701 0.027264
12.288703 0.021670
12.293704 0.017919
12.298706 0.015583
12.303707 0.013460
12.308709 0.010302
12.313710 0.005345
12.318712 -0.001379
12.323713 -0.008972
12.328715 -0.015942
12.333716 -0.020812
12.338718 -0.022821
12.343719 -0.022287
12.348721 -0.020400
12.353722 -0.018608
12.358724 -0.018030
12.363725 -0.019145
12.368727 -0.021711
12.373728 -0.024859
12.378730 -0.027400
12.383731 -0.028257
12.388733 -0.026818
12.393734 -0.023037
12.398736 -0.017252
12.403737 -0.009886
12.408739 -0.001324
12.413740 0.007901
12.418742 0.016853
12.423743 0.024244
12.428745 0.028844
12.433746 0.029974
12.438748 0.027803
12.443749 0.023344
12.448751 0.018142
12.453752 0.013767
12.458754 0.011319
12.463755 0.011108
12.468757 0.012627
12.473758 0.014827
12.478760 0.016564
12.483761 0.016891
12.488763 0.015141
12.493764 0.010974
12.498766 0.004548
12.503767 -0.003361
12.508769 -0.011426
12.513770 -0.018019
12.518772 -0.021555
12.523773 -0.020828
12.528775 -0.015285
12.533776 -0.005187
12.538778 0.008299
12.543779 0.023100
12.548781 0.036503
12.553782 0.045816
12.558784 0.049149
12.563785 0.045895
12.568787 0.036743
12.573788 0.023454
12.578790 0.008612
12.583791 -0.004778
12.588793 -0.014006
12.593794 -0.017400
12.598796 -0.014670
12.603797 -0.006843
12.608799 0.003944
12.613800 0.014798
12.618802 0.022744
12.623803 0.025603
12.628805 0.022629
12.633807 0.014612
12.638808 0.003484
12.643810 -0.008411
12.648811 -0.019061
12.653813 -0.027241
12.658814 -0.032540
12.663816 -0.035217
12.668817 -0.036061
12.673819 -0.036202
12.678820 -0.036713
12.683822 -0.038085
12.688823 -0.039852
12.693825 -0.040707
12.698826 -0.039175
12.703828 -0.034523
12.708829 -0.027298
12.713831 -0.019109
12.718832 -0.011831
12.723834 -0.006772
12.728835 -0.004223
12.733837 -0.003469
12.738838 -0.003192
12.743840 -0.002094
12.748841 0.000525
12.753843 0.004545
12.758844 0.009202
12.763846 0.013481
12.768847 0.016491
12.773849 0.017788
12.778850 0.017556
12.783852 0.016552
12.788853 0.015799
12.793855 0.016244
12.798856 0.018469
12.803858 0.022471
12.808859 0.027525
12.813861 0.032264
12.818862 0.035036
12.823864 0.034520
12.828865 0.030316
12.833867 0.023159
12.838868 0.014682
12.843870 0.006916
12.848871 0.001636
12.853873 -0.000325
12.858874 0.000578
12.863876 0.002887
12.868877 0.004832
12.873879 0.004932
12.878880 0.002363
12.883882 -0.002824
12.888883 -0.009729
12.893885 -0.016964
12.898886 -0.023188
12.903888 -0.027487
12.908889 -0.029483
12.913891 -0.029276
12.918892 -0.027339
12.923894 -0.024402
12.928895 -0.021287
12.933897 -0.018704
12.938898 -0.017069
12.943900 -0.016461
12.948901 -0.016675
12.953903 -0.017269
12.958904 -0.017563
12.963906 -0.016702
12.968907 -0.013857
12.973909 -0.008513
12.978910 -0.000721
12.983912 0.008794
12.988914 0.018714
12.993915 0.027425
12.998917 0.033392
13.003918 0.035444
13.008920 0.032938
13.013921 0.025911
13.018923 0.015243
13.023924 0.002677
13.028926 -0.009502
13.033927 -0.019097
13.038929 -0.024684
13.043930 -0.026003
13.048932 -0.023876
13.053933 -0.019713
13.058935 -0.014901
13.063936 -0.010427
13.068938 -0.006816
13.073939 -0.004179
13.078941 -0.002247
13.083942 -0.000497
13.088944 0.001558
13.093945 0.004061
13.098947 0.006672
13.103948 0.008697
13.108950 0.009420
13.113951 0.008416
13.118953 0.005663
13.123954 0.001415
13.128956 -0.003891
13.133957 -0.009584
13.138959 -0.014706
13.143960 -0.018238
13.148962 -0.019468
13.153963 -0.018163
13.158965 -0.014482
13.163966 -0.008833
13.168968 -0.001830
13.173969 0.005690
13.178971 0.012679
13.183972 0.017966
13.188974 0.020511
13.193975 0.019825
13.198977 0.016272
13.203978 0.010935
13.208980 0.005107
13.213981 -0.000199
13.218983 -0.004448
13.223984 -0.007490
13.228986 -0.009363
13.233987 -0.010157
13.238989 -0.009934
13.243990 -0.008652
13.248992 -0.006083
13.253993 -0.001854
13.258995 0.004353
13.263996 0.012541
13.268998 0.022231
13.273999 0.032456
13.279001 0.041861
13.284002 0.048908
13.289004 0.052231
13.294005 0.051118
13.299007 0.045913
13.304008 0.038046
13.309010 0.029563
13.314011 0.022434
13.319013 0.017956
13.324014 0.016367
13.329016 0.016814
13.334017 0.017818
13.339019 0.018032
13.344020 0.016750
13.349022 0.013871
13.354024 0.009625
13.359025 0.004410
13.364027 -0.001206
13.369028 -0.006558
13.374030 -0.011054
13.379031 -0.014347
13.384033 -0.016453
13.389034 -0.017805
13.394036 -0.019063
13.399037 -0.020663
13.404039 -0.022435
13.409040 -0.023697
13.414042 -0.023722
13.419043 -0.022150
13.424045 -0.019139
13.429046 -0.015321
13.434048 -0.011683
13.439049 -0.009313
13.444051 -0.009052
13.449052 -0.011118
13.454054 -0.014890
13.459055 -0.019090
13.464057 -0.022394
13.469058 -0.024114
13.474060 -0.024364
13.479061 -0.023598
13.484063 -0.022002
13.489064 -0.019300
13.494066 -0.015033
13.499067 -0.008985
13.504069 -0.001367
13.509070 0.007283
13.514072 0.016232
13.519073 0.024490
13.524075 0.030793
13.529076 0.033927
13.534078 0.033334
13.539079 0.029502
13.544081 0.023759
13.549082 0.017582
13.554084 0.011979
13.559085 0.007385
13.564087 0.003955
13.569088 0.001781
13.574090 0.000801
13.579091 0.000606
13.584093 0.000491
13.589094 -0.000221
13.594096 -0.001833
13.599097 -0.004164
13.604099 -0.006670
13.609100 -0.008661
13.614102 -0.009468
13.619103 -0.008557
13.624105 -0.005694
13.629106 -0.001183
13.634108 0.004007
13.639109 0.008412
13.644111 0.010542
13.649112 0.009390
13.654114 0.004781
13.659115 -0.002522
13.664117 -0.010936
13.669118 -0.018430
13.674120 -0.023082
13.679121 -0.023702
13.684123 -0.020312
13.689124 -0.014206
13.694126 -0.007447
13.699127 -0.002024
13.704129 0.000864
13.709131 0.001087
13.714132 -0.000625
13.719134 -0.003210
13.724135 -0.005781
13.729137 -0.007785
13.734138 -0.008852
13.739140 -0.008655
13.744141 -0.006870
13.749143 -0.003137
13.754144 0.002925
13.759146 0.011418
13.764147 0.021602
13.769149 0.031574
13.774150 0.038624
13.779152 0.040161
13.784153 0.034663
13.789155 0.022270
13.794156 0.004957
13.799158 -0.013772
13.804159 -0.029767
13.809161 -0.039498
13.814162 -0.041175
13.819164 -0.035206
13.824165 -0.023942
13.829167 -0.010879
13.834168 0.000418
13.839170 0.007397
13.844171 0.009157
13.849173 0.006385
13.854174 0.000768
13.859176 -0.005701
13.864177 -0.011261
13.869179 -0.014756
13.874180 -0.015879
13.879182 -0.015238
13.884183 -0.014128
13.889185 -0.014031
13.894186 -0.016003
13.899188 -0.020197
13.904189 -0.025712
13.909191 -0.030855
13.914192 -0.033684
13.919194 -0.032613
13.924195 -0.026962
13.929197 -0.017308
13.934198 -0.005296
13.939200 0.007208
13.944201 0.018989
13.949203 0.029658
13.954204 0.039165
13.959206 0.047251
13.964207 0.053239
13.969209 0.056180
13.974210 0.055141
13.979212 0.049514
13.984213 0.039305
13.989215 0.025378
13.994216 0.009547
13.999218 -0.005713
14.004219 -0.017986
14.009221 -0.025817
14.014222 -0.029298
14.019224 -0.029968
14.024225 -0.030000
14.029227 -0.031098
14.034228 -0.033666
14.039230 -0.036694
14.044231 -0.038377
14.049233 -0.037035
14.054234 -0.031841
14.059236 -0.023076
14.064237 -0.011981
14.069239 -0.000391
14.074241 0.009713
14.079242 0.016736
14.084244 0.020009
14.089245 0.020061
14.094247 0.018290
14.099248 0.016166
14.104250 0.014511
14.109251 0.013305
14.114253 0.011990
14.119254 0.009947
14.124256 0.006848
14.129257 0.002813
14.134259 -0.001616
14.139260 -0.005658
14.144262 -0.008592
14.149263 -0.010027
14.154265 -0.009927
14.159266 -0.008488
14.164268 -0.006145
14.169269 -0.003678
14.174271 -0.002111
14.179272 -0.002245
14.184274 -0.004105
14.189275 -0.006746
14.194277 -0.008620
14.199278 -0.008280
14.204280 -0.004959
14.209281 0.001230
14.214283 0.009376
14.219284 0.018003
14.224286 0.025407
14.229287 0.030094
14.234289 0.031205
14.239290 0.028715
14.244292 0.023373
14.249293 0.016492
14.254295 0.009643
14.259296 0.004190
14.264298 0.000787
14.269299 -0.000817
14.274301 -0.001476
14.279302 -0.002131
14.284304 -0.003444
14.289305 -0.005662
14.294307 -0.008593
14.299308 -0.011637
14.304310 -0.013996
14.309311 -0.015040
14.314313 -0.014582
14.319314 -0.012856
14.324316 -0.010306
14.329317 -0.007419
14.334319 -0.004639
14.339320 -0.002247
14.344322 -0.000272
14.349323 0.001434
14.354325 0.003007
14.359326 0.004433
14.364328 0.005504
14.369329 0.005871
14.374331 0.005199
14.379332 0.003285
14.384334 0.000035
14.389335 -0.004543
14.394337 -0.010198
14.399338 -0.016326
14.404340 -0.022092
14.409341 -0.026715
14.414343 -0.029663
14.419344 -0.030679
14.424346 -0.029662
14.429347 -0.026537
14.434349 -0.021226
14.439351 -0.013775
14.444352 -0.004577
14.449354 0.005468
14.454355 0.015068
14.459357 0.022942
14.464358 0.028255
14.469360 0.030714
14.474361 0.030329
14.479363 0.027132
14.484364 0.021238
14.489366 0.013208
14.494367 0.004380
14.499369 -0.003219
14.504370 -0.007451
14.509372 -0.006819
14.514373 -0.000982
14.519375 0.009149
14.524376 0.021666
14.529378 0.034125
14.534379 0.044081
14.539381 0.049556
14.544382 0.049422
14.549384 0.043652
14.554385 0.033429
14.559387 0.020965
14.564388 0.008891
14.569390 -0.000616
14.574391 -0.006496
14.579393 -0.008932
14.584394 -0.009062
14.589396 -0.008546
14.594397 -0.009079
14.599399 -0.011786
14.604400 -0.016746
14.609402 -0.022959
14.614403 -0.028848
14.619405 -0.032967
14.624406 -0.034517
14.629408 -0.033472
14.634409 -0.030305
14.639411 -0.025550
14.644412 -0.019511
14.649414 -0.012305
14.654415 -0.004069
14.659417 0.004877
14.664418 0.013931
14.669420 0.022121
14.674421 0.028113
14.679423 0.030488
14.684424 0.028270
14.689426 0.021456
14.694427 0.011268
14.699429 -0.000074
14.704430 -0.010047
14.709432 -0.016639
14.714433 -0.018910
14.719435 -0.017106
14.724436 -0.012497
14.729438 -0.007039
14.734439 -0.002878
14.739441 -0.001757
14.744442 -0.004476
14.749444 -0.010599
14.754445 -0.018519
14.759447 -0.025950
14.764448 -0.030719
14.769450 -0.031551
14.774451 -0.028452
14.779453 -0.022574
14.784454 -0.015696
14.789456 -0.009540
14.794458 -0.005176
14.799459 -0.002781
14.804461 -0.001844
14.809462 -0.001562
14.814464 -0.001196
14.819465 -0.000295
14.824467 0.001154
14.829468 0.002717
14.834470 0.003776
14.839471 0.003965
14.844473 0.003480
14.849474 0.002940
14.854476 0.002945
14.859477 0.003704
14.864479 0.004975
14.869480 0.006244
14.874482 0.006954
14.879483 0.006708
14.884485 0.005411
14.889486 0.003306
14.894488 0.000951
14.899489 -0.000798
14.904491 -0.000936
14.909492 0.001264
14.914494 0.005795
14.919495 0.011827
14.924497 0.018060
14.929498 0.023199
14.934500 0.026279
14.939501 0.026847
14.944503 0.025091
14.949504 0.021824
14.954506 0.018164
14.959507 0.015056
14.964509 0.012989
14.969510 0.012008
14.974512 0.011862
14.979513 0.012122
14.984515 0.012266
14.989516 0.011776
14.994518 0.010251
14.999519 0.007586
15.004521 0.004098
15.009522 0.000432
15.014524 -0.002755
15.019525 -0.005122
15.024527 -0.006751
15.029528 -0.008041
15.034530 -0.009407
15.039531 -0.010955
15.044533 -0.012375
15.049534 -0.013188
15.054536 -0.013076
15.059537 -0.012013
15.064539 -0.010146
15.069540 -0.007716
15.074542 -0.005105
15.079543 -0.002811
15.084545 -0.001254
15.089546 -0.000643
15.094548 -0.001009
15.099549 -0.002279
15.104551 -0.004236
15.109552 -0.006471
15.114554 -0.008457
15.119555 -0.009720
15.124557 -0.009945
15.129558 -0.008971
15.134560 -0.006744
15.139561 -0.003348
15.144563 0.000882
15.149564 0.005243
15.154566 0.008700
15.159568 0.010201
15.164569 0.009116
15.169571 0.005476
15.174572 -0.000168
15.179574 -0.007048
15.184575 -0.014345
15.189577 -0.021141
15.194578 -0.026384
15.199580 -0.029071
15.204581 -0.028547
15.209583 -0.024684
15.214584 -0.017842
15.219586 -0.008743
15.224587 0.001608
15.229589 0.011984
15.234590 0.021107
15.239592 0.027911
15.244593 0.031779
15.249595 0.032651
15.254596 0.031006
15.259598 0.027693
15.264599 0.023619
15.269601 0.019404
15.274602 0.015218
15.279604 0.010887
15.284605 0.006109
15.289607 0.000688
15.294608 -0.005270
15.299610 -0.011219
15.304611 -0.016268
15.309613 -0.019531
15.314614 -0.020489
15.319616 -0.019124
15.324617 -0.015831
15.329619 -0.011241
15.334620 -0.006003
15.339622 -0.000583
15.344623 0.004755
15.349625 0.009749
15.354626 0.013931
15.359628 0.016682
15.364629 0.017553
15.369631 0.016591
15.374632 0.014352
15.379634 0.011565
15.384635 0.008731
15.389637 0.006042
15.394638 0.003664
15.399640 0.001985
15.404641 0.001524
15.409643 0.002625
15.414644 0.005284
15.419646 0.009132
15.424647 0.013448
15.429649 0.017216
15.434650 0.019389
15.439652 0.019308
15.444653 0.016957
15.449655 0.012886
15.454656 0.007942
15.459658 0.003055
15.464659 -0.000908
15.469661 -0.003319
15.474662 -0.003957
15.479664 -0.003014
15.484665 -0.000998
15.489667 0.001293
15.494668 0.002788
15.499670 0.002496
15.504671 0.000170
15.509673 -0.003319
15.514675 -0.006369
15.519676 -0.007508
15.524678 -0.006002
15.529679 -0.001902
15.534681 0.004215
15.539682 0.011520
15.544684 0.019060
15.549685 0.025754
15.554687 0.030435
15.559688 0.032101
15.564690 0.030216
15.569691 0.024809
15.574693 0.016403
15.579694 0.005909
15.584696 -0.005492
15.589697 -0.016515
15.594699 -0.025953
15.599700 -0.032773
15.604702 -0.036174
15.609703 -0.035763
15.614705 -0.031791
15.619706 -0.025181
15.624708 -0.017267
15.629709 -0.009446
15.634711 -0.002932
15.639712 0.001411
15.644714 0.003176
15.649715 0.002447
15.654717 -0.000278
15.659718 -0.004245
15.664720 -0.008693
15.669721 -0.013114
15.674723 -0.017306
15.679724 -0.021122
15.684726 -0.024197
15.689727 -0.026033
15.694729 -0.026398
15.699730 -0.025529
15.704732 -0.023865
15.709733 -0.021582
15.714735 -0.018492
15.719736 -0.014378
15.724738 -0.009400
15.729739 -0.004123
15.734741 0.000792
15.739742 0.004892
15.744744 0.008006
15.749745 0.010125
15.754747 0.011287
15.759748 0.011557
15.764750 0.011106
15.769751 0.010254
15.774753 0.009418
15.779754 0.008989
15.784756 0.009184
15.789757 0.009932
15.794759 0.010877
15.799760 0.011565
15.804762 0.011683
15.809763 0.011143
15.814765 0.010020
15.819766 0.008498
15.824768 0.006838
15.829769 0.005337
15.834771 0.004239
15.839772 0.003636
15.844774 0.003382
15.849775 0.003110
15.854777 0.002396
15.859778 0.001014
15.864780 -0.000921
15.869781 -0.003023
15.874783 -0.004829
15.879785 -0.005985
15.884786 -0.006412
15.889788 -0.006430
15.894789 -0.006668
15.899791 -0.007604
15.904792 -0.009097
15.909794 -0.010373
15.914795 -0.010490
15.919797 -0.008873
15.924798 -0.005556
15.929800 -0.001038
15.934801 0.004053
15.939803 0.009210
15.944804 0.014019
15.949806 0.018084
15.954807 0.021125
15.959809 0.023187
15.964810 0.024624
15.969812 0.025781
15.974813 0.026709
15.979815 0.027168
15.984816 0.026839
15.989818 0.025486
15.994819 0.023004
15.999821 0.019366
16.004822 0.014494
16.009824 0.008141
16.014825 -0.000006
16.019827 -0.009926
16.024828 -0.020839
16.029830 -0.031157
16.034831 -0.038927
16.039833 -0.042527
16.044834 -0.041268
16.049836 -0.035575
16.054837 -0.026706
16.059839 -0.016310
16.064840 -0.006135
16.069842 0.002171
16.074843 0.007409
16.079845 0.009217
16.084846 0.008118
16.089848 0.005164
16.094849 0.001515
16.099851 -0.001786
16.104852 -0.003930
16.109854 -0.004445
16.114855 -0.003236
16.119857 -0.000508
16.124858 0.003326
16.129860 0.007685
16.134861 0.011848
16.139863 0.015033
16.144864 0.016519
16.149866 0.015778
16.154867 0.012609
16.159869 0.007243
16.164870 0.000395
16.169872 -0.006782
16.174873 -0.012905
16.179875 -0.016751
16.184876 -0.017692
16.189878 -0.015916
16.194879 -0.012308
16.199881 -0.008079
16.204882 -0.004392
16.209884 -0.002064
16.214885 -0.001358
16.219887 -0.001898
16.224888 -0.002824
16.229890 -0.003148
16.234892 -0.002095
16.239893 0.000685
16.244895 0.004978
16.249896 0.009968
16.254898 0.014469
16.259899 0.017423
16.264901 0.018328
16.269902 0.017295
16.274904 0.014780
16.279905 0.011308
16.284907 0.007397
16.289908 0.003538
16.294910 -0.000011
16.299911 -0.003440
16.304913 -0.007270
16.309914 -0.011912
16.314916 -0.017260
16.319917 -0.022577
16.324919 -0.026703
16.329920 -0.028461
16.334922 -0.027108
16.339923 -0.022614
16.344925 -0.015694
16.349926 -0.007585
16.354928 0.000332
16.359929 0.006963
16.364931 0.011768
16.369932 0.014756
16.374934 0.016292
16.379935 0.016873
16.384937 0.016870
16.389938 0.016303
16.394940 0.014842
16.399941 0.012092
16.404943 0.007967
16.409944 0.002884
16.414946 -0.002274
16.419947 -0.006434
16.424949 -0.008754
16.429950 -0.008974
16.434952 -0.007450
16.439953 -0.004988
16.444955 -0.002731
16.449956 -0.002070
16.454958 -0.004266
16.459959 -0.009774
16.464961 -0.017762
16.469962 -0.026278
16.474964 -0.032987
16.479965 -0.035984
16.484967 -0.034309
16.489968 -0.027987
16.494970 -0.017827
16.499971 -0.005292
16.504973 0.007595
16.509974 0.018598
16.514976 0.025917
16.519977 0.028790
16.524979 0.027674
16.529980 0.023966
16.534982 0.019443
16.539983 0.015691
16.544985 0.013686
16.549986 0.013589
16.554988 0.014727
16.559989 0.015814
16.564991 0.015507
16.569992 0.013163
16.574994 0.009283
16.579995 0.005223
16.584997 0.002264
16.589998 0.000798
16.595000 0.000354
