0.000000 0.000000
0.005001 0.002758
0.010003 0.001211
0.015004 -0.000320
0.020006 -0.000982
0.025007 -0.000771
0.030009 -0.000157
0.035010 0.000533
0.040012 0.001120
0.045013 0.001330
0.050015 0.001007
0.055016 0.000413
0.060018 -0.000028
0.065019 -0.000175
0.070021 -0.000164
0.075022 -0.000112
0.080024 -0.000028
0.085025 0.000106
0.090027 0.000346
0.095028 0.000723
0.100030 0.001030
0.105031 0.000918
0.110033 0.000388
0.115034 -0.000066
0.120036 -0.000030
0.125037 0.000341
0.130039 0.000620
0.135040 0.000653
0.140042 0.000564
0.145043 0.000494
0.150045 0.000576
0.155046 0.000931
0.160048 0.001398
0.165049 0.001504
0.170051 0.000988
0.175052 0.000220
0.180054 -0.000182
0.185055 -0.000021
0.190057 0.000417
0.195058 0.000748
0.200060 0.000728
0.205061 0.000327
0.210063 -0.000137
0.215064 -0.000178
0.220066 0.000287
0.225067 0.000763
0.230069 0.000808
0.235070 0.000560
0.240072 0.000391
0.245073 0.000316
0.250075 0.000103
0.255076 -0.000263
0.260078 -0.000567
0.265079 -0.000670
0.270081 -0.000571
0.275082 -0.000327
0.280084 -0.000133
0.285085 -0.000252
0.290087 -0.000629
0.295088 -0.000792
0.300090 -0.000392
0.305091 0.000355
0.310093 0.000935
0.315094 0.001007
0.320096 0.000547
0.325097 -0.000161
0.330099 -0.000543
0.335100 -0.000130
0.340102 0.000862
0.345103 0.001660
0.350105 0.001794
0.355106 0.001511
0.360108 0.001232
0.365109 0.000991
0.370111 0.000671
0.375112 0.000408
0.380114 0.000413
0.385115 0.000615
0.390117 0.000817
0.395118 0.000972
0.400120 0.001060
0.405121 0.000913
0.410123 0.000486
0.415124 0.000077
0.420126 0.000007
0.425127 0.000278
0.430129 0.000712
0.435130 0.001189
0.440132 0.001548
0.445133 0.001580
0.450135 0.001354
0.455136 0.001263
0.460138 0.001490
0.465139 0.001697
0.470141 0.001492
0.475142 0.000985
0.480144 0.000574
0.485145 0.000410
0.490147 0.000389
0.495148 0.000473
0.500150 0.000678
0.505151 0.000877
0.510153 0.000924
0.515154 0.000878
0.520156 0.000862
0.525157 0.000854
0.530159 0.000792
0.535160 0.000727
0.540162 0.000671
0.545163 0.000515
0.550165 0.000288
0.555166 0.000253
0.560168 0.000552
0.565169 0.000978
0.570171 0.001279
0.575172 0.001444
0.580174 0.001521
0.585175 0.001440
0.590177 0.001238
0.595178 0.001160
0.600180 0.001289
0.605181 0.001335
0.610183 0.001058
0.615184 0.000612
0.620186 0.000260
0.625187 0.000025
0.630189 -0.000108
0.635190 0.000025
0.640192 0.000479
0.645193 0.000930
0.650195 0.001011
0.655196 0.000745
0.660198 0.000401
0.665199 0.000124
0.670201 -0.000041
0.675202 -0.000006
0.680204 0.000210
0.685205 0.000357
0.690207 0.000263
0.695208 0.000079
0.700210 0.000016
0.705211 0.000090
0.710213 0.000286
0.715214 0.000682
0.720216 0.001202
0.725217 0.001536
0.730219 0.001538
0.735220 0.001429
0.740222 0.001400
0.745223 0.001308
0.750225 0.001020
0.755226 0.000771
0.760228 0.000859
0.765229 0.001209
0.770231 0.001540
0.775232 0.001762
0.780234 0.001915
0.785235 0.001927
0.790237 0.001751
0.795238 0.001555
0.800240 0.001507
0.805241 0.001495
0.810243 0.001350
0.815244 0.001156
0.820246 0.001081
0.825247 0.001102
0.830249 0.001129
0.835250 0.001204
0.840252 0.001309
0.845253 0.001215
0.850255 0.000829
0.855256 0.000465
0.860258 0.000466
0.865259 0.000719
0.870261 0.000876
0.875262 0.000851
0.880264 0.000794
0.885265 0.000759
0.890267 0.000743
0.895268 0.000841
0.900270 0.001035
0.905271 0.001056
0.910273 0.000767
0.915274 0.000426
0.920276 0.000323
0.925277 0.000402
0.930279 0.000500
0.935280 0.000635
0.940282 0.000821
0.945283 0.000887
0.950285 0.000762
0.955286 0.000647
0.960288 0.000685
0.965289 0.000740
0.970291 0.000742
0.975292 0.000898
0.980294 0.001311
0.985295 0.001688
0.990296 0.001734
0.995298 0.001533
1.000299 0.001297
1.005301 0.001037
1.010302 0.000777
1.015304 0.000756
1.020305 0.001089
1.025307 0.001479
1.030308 0.001576
1.035310 0.001405
1.040311 0.001153
1.045313 0.000828
1.050314 0.000432
1.055316 0.000244
1.060317 0.000550
1.065319 0.001219
1.070320 0.001809
1.075322 0.001978
1.080323 0.001617
1.085325 0.000844
1.090326 0.000086
1.095328 -0.000113
1.100329 0.000332
1.105331 0.000907
1.110332 0.001136
1.115334 0.001083
1.120335 0.001031
1.125337 0.001038
1.130338 0.001080
1.135340 0.001266
1.140341 0.001571
1.145343 0.001652
1.150344 0.001271
1.155346 0.000713
1.160347 0.000456
1.165349 0.000625
1.170350 0.000972
1.175352 0.001207
1.180353 0.001145
1.185355 0.000749
1.190356 0.000251
1.195358 0.000045
1.200359 0.000256
1.205361 0.000593
1.210362 0.000747
1.215364 0.000728
1.220365 0.000639
1.225367 0.000476
1.230368 0.000317
1.235370 0.000403
1.240371 0.000740
1.245373 0.000927
1.250374 0.000656
1.255376 0.000129
1.260377 -0.000257
1.265379 -0.000403
1.270380 -0.000438
1.275382 -0.000438
1.280383 -0.000432
1.285385 -0.000471
1.290386 -0.000462
1.295388 -0.000188
1.300389 0.000303
1.305391 0.000619
1.310392 0.000519
1.315394 0.000225
1.320395 0.000050
1.325397 0.000012
1.330398 0.000028
1.335400 0.000172
1.340401 0.000485
1.345403 0.000775
1.350404 0.000880
1.355406 0.000896
1.360407 0.000923
1.365409 0.000893
1.370410 0.000883
1.375412 0.001244
1.380413 0.002096
1.385415 0.002983
1.390416 0.003337
1.395418 0.003072
1.400419 0.002480
1.405421 0.001816
1.410422 0.001238
1.415424 0.000854
1.420425 0.000549
1.425427 -0.000008
1.430428 -0.000924
1.435430 -0.001873
1.440431 -0.002528
1.445433 -0.002962
1.450434 -0.003393
1.455436 -0.003804
1.460437 -0.004014
1.465439 -0.003877
1.470440 -0.003249
1.475442 -0.002070
1.480443 -0.000726
1.485445 -0.000028
1.490446 -0.000567
1.495448 -0.002265
1.500449 -0.004725
1.505451 -0.007703
1.510452 -0.011102
1.515454 -0.014847
1.520455 -0.018969
1.525457 -0.023434
1.530458 -0.027585
1.535460 -0.030020
1.540461 -0.029341
1.545463 -0.024985
1.550464 -0.017272
1.555466 -0.007002
1.560467 0.004702
1.565469 0.016478
1.570470 0.027110
1.575472 0.035834
1.580473 0.042136
1.585475 0.045521
1.590476 0.045719
1.595478 0.042897
1.600479 0.037407
1.605481 0.029577
1.610482 0.020075
1.615484 0.010333
1.620485 0.002286
1.625487 -0.002278
1.630488 -0.002130
1.635490 0.003172
1.640491 0.012909
1.645493 0.025053
1.650494 0.036750
1.655496 0.045108
1.660497 0.047698
1.665499 0.042878
1.670500 0.030226
1.675502 0.010907
1.680503 -0.012332
1.685505 -0.035419
1.690506 -0.053625
1.695508 -0.063044
1.700509 -0.062381
1.705511 -0.053399
1.710512 -0.039324
1.715514 -0.022635
1.720515 -0.004235
1.725517 0.015636
1.730518 0.035861
1.735520 0.053376
1.740521 0.063328
1.745523 0.060948
1.750524 0.044349
1.755526 0.016140
1.760527 -0.017568
1.765529 -0.049799
1.770530 -0.075000
1.775532 -0.090109
1.780533 -0.094539
1.785535 -0.089280
1.790536 -0.075678
1.795538 -0.054942
1.800539 -0.028739
1.805541 0.000156
1.810542 0.028046
1.815544 0.050940
1.820545 0.065060
1.825547 0.067625
1.830548 0.058186
1.835550 0.039558
1.840551 0.017322
1.845553 -0.001814
1.850554 -0.012027
1.855556 -0.010435
1.860557 0.001410
1.865559 0.018026
1.870560 0.032956
1.875562 0.042378
1.880563 0.046688
1.885565 0.049144
1.890566 0.052787
1.895568 0.057603
1.900569 0.059685
1.905571 0.053294
1.910572 0.034805
1.915574 0.005793
1.920575 -0.027053
1.925577 -0.054938
1.930578 -0.070932
1.935580 -0.073042
1.940581 -0.065068
1.945583 -0.054528
1.950584 -0.048511
1.955586 -0.049954
1.960587 -0.056439
1.965588 -0.061620
1.970590 -0.058262
1.975591 -0.041806
1.980593 -0.012925
1.985594 0.022688
1.990596 0.057504
1.995597 0.085829
2.000599 0.105226
2.005600 0.115267
2.010602 0.115272
2.015603 0.102845
2.020605 0.074533
2.025606 0.028887
2.030608 -0.030113
2.035609 -0.092583
2.040611 -0.146207
2.045612 -0.180759
2.050614 -0.190331
2.055615 -0.172988
2.060617 -0.129918
2.065618 -0.065576
2.070620 0.011334
2.075621 0.087414
2.080623 0.146648
2.085624 0.175713
2.090626 0.169973
2.095627 0.135521
2.100629 0.085177
2.105630 0.031472
2.110632 -0.018246
2.115633 -0.061822
2.120635 -0.098530
2.125636 -0.124854
2.130638 -0.133279
2.135639 -0.115574
2.140641 -0.068722
2.145642 0.000756
2.150644 0.077274
2.155645 0.141251
2.160647 0.176258
2.165648 0.175158
2.170650 0.142543
2.175651 0.091874
2.180653 0.038747
2.185654 -0.005559
2.190656 -0.036682
2.195657 -0.055779
2.200659 -0.066316
2.205660 -0.071109
2.210662 -0.070844
2.215663 -0.064796
2.220665 -0.053200
2.225666 -0.039156
2.230668 -0.028070
2.235669 -0.024888
2.240671 -0.030990
2.245672 -0.042482
2.250674 -0.051025
2.255675 -0.047647
2.260677 -0.027904
2.265678 0.005124
2.270680 0.042349
2.275681 0.073407
2.280683 0.091242
2.285684 0.094214
2.290686 0.085324
2.295687 0.069247
2.300689 0.048860
2.305690 0.023765
2.310692 -0.007934
2.315693 -0.046020
2.320695 -0.085545
2.325696 -0.117136
2.330698 -0.130484
2.335699 -0.119627
2.340701 -0.086970
2.345702 -0.042894
2.350704 -0.000645
2.355705 0.030183
2.360707 0.047459
2.365708 0.055809
2.370710 0.062321
2.375711 0.071194
2.380713 0.080602
2.385714 0.084146
2.390716 0.075989
2.395717 0.055427
2.400719 0.027352
2.405720 -0.000880
2.410722 -0.023025
2.415723 -0.035800
2.420725 -0.038828
2.425726 -0.033394
2.430728 -0.021140
2.435729 -0.003900
2.440731 0.015398
2.445732 0.032345
2.450734 0.042280
2.455735 0.042236
2.460737 0.032101
2.465738 0.014672
2.470740 -0.005168
2.475741 -0.022268
2.480743 -0.033574
2.485744 -0.039317
2.490746 -0.041854
2.495747 -0.043146
2.500749 -0.042996
2.505750 -0.039076
2.510752 -0.028509
2.515753 -0.010311
2.520755 0.012540
2.525756 0.033104
2.530758 0.043261
2.535759 0.037716
2.540761 0.016769
2.545762 -0.013357
2.550764 -0.042466
2.555765 -0.059945
2.560767 -0.058739
2.565768 -0.037899
2.570770 -0.002600
2.575771 0.037728
2.580773 0.071970
2.585774 0.090329
2.590776 0.087592
2.595777 0.065329
2.600779 0.031420
2.605780 -0.003234
2.610782 -0.029310
2.615783 -0.042942
2.620785 -0.046767
2.625786 -0.046993
2.630788 -0.048079
2.635789 -0.049114
2.640791 -0.044699
2.645792 -0.029322
2.650794 -0.001980
2.655795 0.031573
2.660797 0.060167
2.665798 0.071989
2.670800 0.060510
2.675801 0.027937
2.680803 -0.015725
2.685804 -0.056770
2.690806 -0.082634
2.695807 -0.086043
2.700809 -0.067450
2.705810 -0.034547
2.710812 0.001244
2.715813 0.029318
2.720815 0.043196
2.725816 0.041944
2.730818 0.029882
2.735819 0.014481
2.740821 0.002941
2.745822 -0.000787
2.750824 0.003143
2.755825 0.011699
2.760827 0.021108
2.765828 0.028827
2.770830 0.034383
2.775831 0.038444
2.780833 0.040879
2.785834 0.039815
2.790836 0.032693
2.795837 0.018163
2.800839 -0.002723
2.805840 -0.026322
2.810842 -0.046937
2.815843 -0.058337
2.820845 -0.055987
2.825846 -0.038754
2.830848 -0.009279
2.835849 0.026482
2.840851 0.060155
2.845852 0.082724
2.850854 0.087166
2.855855 0.070682
2.860857 0.035442
2.865858 -0.011977
2.870860 -0.061849
2.875861 -0.103178
2.880863 -0.126198
2.885864 -0.124771
2.890866 -0.097991
2.895867 -0.050908
2.900869 0.005825
2.905870 0.058111
2.910872 0.092458
2.915873 0.100343
2.920875 0.080872
2.925876 0.040773
2.930878 -0.008162
2.935879 -0.053329
2.940881 -0.085423
2.945882 -0.100318
2.950883 -0.098182
2.955885 -0.081539
2.960886 -0.054082
2.965888 -0.020394
2.970889 0.014257
2.975891 0.044322
2.980892 0.064549
2.985894 0.070965
2.990895 0.062190
2.995897 0.040206
3.000898 0.010148
3.005900 -0.020194
3.010901 -0.041036
3.015903 -0.042668
3.020904 -0.019534
3.025906 0.025622
3.030907 0.080585
3.035909 0.126868
3.040910 0.146381
3.045912 0.129025
3.050913 0.077530
3.055915 0.006298
3.060916 -0.065456
3.065918 -0.121761
3.070919 -0.154226
3.075921 -0.161384
3.080922 -0.145249
3.085924 -0.108170
3.090925 -0.052266
3.095927 0.018051
3.100928 0.092591
3.105930 0.154763
3.110931 0.185848
3.115933 0.172377
3.120934 0.112702
3.125936 0.019548
3.130937 -0.082893
3.135939 -0.166959
3.140940 -0.211556
3.145942 -0.209080
3.150943 -0.165627
3.155945 -0.095701
3.160946 -0.015877
3.165948 0.059283
3.170949 0.118642
3.175951 0.154381
3.180952 0.161787
3.185954 0.139965
3.190955 0.092872
3.195957 0.028899
3.200958 -0.041524
3.205960 -0.108393
3.210961 -0.162769
3.215963 -0.196120
3.220964 -0.200435
3.225966 -0.170284
3.230967 -0.106167
3.235969 -0.017227
3.240970 0.078998
3.245972 0.160994
3.250973 0.210262
3.255975 0.217168
3.260976 0.183059
3.265978 0.118793
3.270979 0.041089
3.275981 -0.032290
3.280982 -0.087140
3.285984 -0.115274
3.290985 -0.114269
3.295987 -0.086296
3.300988 -0.037684
3.305990 0.021317
3.310991 0.078125
3.315993 0.120867
3.320994 0.141532
3.325996 0.137820
3.330997 0.112806
3.335999 0.072394
3.341000 0.022193
3.346002 -0.033560
3.351003 -0.090287
3.356005 -0.140838
3.361006 -0.175388
3.366008 -0.183879
3.371009 -0.159668
3.376011 -0.103003
3.381012 -0.022920
3.386014 0.063821
3.391015 0.136945
3.396017 0.178371
3.401018 0.177395
3.406020 0.134286
3.411021 0.061287
3.416023 -0.020439
3.421024 -0.088105
3.426026 -0.125980
3.431027 -0.130935
3.436029 -0.111852
3.441030 -0.083165
3.446032 -0.055967
3.451033 -0.031905
3.456035 -0.004054
3.461036 0.035478
3.466038 0.086582
3.471039 0.137479
3.476041 0.169330
3.481042 0.166584
3.486044 0.126754
3.491045 0.063268
3.496047 -0.000977
3.501048 -0.045544
3.506050 -0.062148
3.511051 -0.056564
3.516053 -0.043040
3.521054 -0.035560
3.526056 -0.040668
3.531057 -0.055058
3.536059 -0.068819
3.541060 -0.071905
3.546062 -0.059440
3.551063 -0.033128
3.556065 0.000384
3.561066 0.031943
3.566068 0.052240
3.571069 0.054268
3.576071 0.035662
3.581072 0.000025
3.586074 -0.043429
3.591075 -0.082482
3.596077 -0.106661
3.601078 -0.111980
3.606080 -0.102002
3.611081 -0.083868
3.616083 -0.062502
3.621084 -0.037949
3.626086 -0.007801
3.631087 0.027697
3.636089 0.062255
3.641090 0.085007
3.646092 0.086424
3.651093 0.064664
3.656095 0.027466
3.661096 -0.012048
3.666098 -0.042518
3.671099 -0.059221
3.676101 -0.063631
3.681102 -0.058698
3.686104 -0.043795
3.691105 -0.013655
3.696107 0.036982
3.701108 0.105916
3.706110 0.179275
3.711111 0.234697
3.716113 0.250532
3.721114 0.215753
3.726116 0.135414
3.731117 0.029054
3.736119 -0.077305
3.741120 -0.161463
3.746122 -0.212022
3.751123 -0.228882
3.756125 -0.218754
3.761126 -0.189675
3.766128 -0.147442
3.771129 -0.094805
3.776131 -0.032908
3.781132 0.036312
3.786134 0.108404
3.791135 0.176061
3.796137 0.229822
3.801138 0.259575
3.806140 0.257296
3.811141 0.220479
3.816143 0.154136
3.821144 0.069540
3.826146 -0.019764
3.831147 -0.102360
3.836149 -0.171531
3.841150 -0.224756
3.846152 -0.260453
3.851153 -0.274472
3.856155 -0.259752
3.861156 -0.210274
3.866158 -0.126860
3.871159 -0.020896
3.876161 0.086669
3.881162 0.171389
3.886164 0.214436
3.891165 0.210233
3.896167 0.167841
3.901168 0.105093
3.906170 0.039621
3.911171 -0.017598
3.916173 -0.063266
3.921174 -0.098038
3.926176 -0.121061
3.931177 -0.126766
3.936178 -0.106810
3.941180 -0.056276
3.946181 0.020223
3.951183 0.106767
3.956184 0.179879
3.961186 0.216357
3.966187 0.202425
3.971189 0.140308
3.976190 0.048255
3.981192 -0.046763
3.986193 -0.119697
3.991195 -0.155575
3.996196 -0.151869
4.001198 -0.115535
4.006199 -0.057465
4.011201 0.012151
4.016202 0.084916
4.021204 0.152021
4.026205 0.202018
4.031207 0.221946
4.036208 0.202067
4.041210 0.141377
4.046211 0.050199
4.051213 -0.052485
4.056214 -0.146207
4.061216 -0.216631
4.066217 -0.258796
4.071219 -0.274556
4.076220 -0.267331
4.081222 -0.238633
4.086223 -0.188369
4.091225 -0.118027
4.096226 -0.034295
4.101228 0.049640
4.106229 0.117024
4.111231 0.153824
4.116232 0.154591
4.121234 0.124292
4.126235 0.075463
4.131237 0.022594
4.136238 -0.023618
4.141240 -0.059495
4.146241 -0.087375
4.151243 -0.111269
4.156244 -0.132488
4.161246 -0.147857
4.166247 -0.150390
4.171249 -0.131099
4.176250 -0.081530
4.181252 0.002697
4.186253 0.117848
4.191255 0.249008
4.196256 0.369957
4.201258 0.447951
4.206259 0.453615
4.211261 0.372522
4.216262 0.212523
4.221264 0.002753
4.226265 -0.214910
4.231267 -0.397738
4.236268 -0.512847
4.241270 -0.543325
4.246271 -0.488369
4.251273 -0.358998
4.256274 -0.173216
4.261276 0.046412
4.266277 0.273131
4.271279 0.476503
4.276280 0.624791
4.281282 0.689882
4.286283 0.654438
4.291285 0.518793
4.296286 0.303418
4.301288 0.044777
4.306289 -0.213171
4.311291 -0.427851
4.316292 -0.565437
4.321294 -0.606573
4.326295 -0.549623
4.331297 -0.410092
4.336298 -0.216222
4.341300 -0.002395
4.346301 0.197676
4.351303 0.356299
4.356304 0.454630
4.361306 0.483192
4.366307 0.441428
4.371309 0.337022
4.376310 0.184703
4.381312 0.004799
4.386313 -0.177530
4.391315 -0.333092
4.396316 -0.432220
4.401318 -0.452310
4.406319 -0.386389
4.411321 -0.247879
4.416322 -0.068759
4.421324 0.108463
4.426325 0.242554
4.431327 0.305393
4.436328 0.289449
4.441330 0.207924
4.446331 0.087830
4.451333 -0.040770
4.456334 -0.154596
4.461336 -0.241499
4.466337 -0.297538
4.471339 -0.320029
4.476340 -0.303107
4.481342 -0.239932
4.486343 -0.129753
4.491345 0.015649
4.496346 0.170762
4.501348 0.301862
4.506349 0.377518
4.511351 0.379504
4.516352 0.308663
4.521354 0.183055
4.526355 0.030451
4.531357 -0.120201
4.536358 -0.244909
4.541360 -0.327624
4.546361 -0.360924
4.551363 -0.345500
4.556364 -0.288753
4.561366 -0.201988
4.566367 -0.096419
4.571369 0.019524
4.576370 0.138766
4.581372 0.251031
4.586373 0.340455
4.591375 0.389448
4.596376 0.387011
4.601378 0.335376
4.606379 0.250176
4.611381 0.153642
4.616382 0.064347
4.621384 -0.010729
4.626385 -0.076521
4.631387 -0.141957
4.636388 -0.209396
4.641390 -0.269315
4.646391 -0.304016
4.651393 -0.297590
4.656394 -0.245498
4.661396 -0.157860
4.666397 -0.055096
4.671399 0.040093
4.676400 0.108749
4.681402 0.137736
4.686403 0.120628
4.691405 0.060107
4.696406 -0.029475
4.701408 -0.123298
4.706409 -0.193081
4.711411 -0.217892
4.716412 -0.193506
4.721414 -0.134388
4.726415 -0.065651
4.731417 -0.008960
4.736418 0.028561
4.741420 0.055000
4.746421 0.083964
4.751423 0.121493
4.756424 0.158616
4.761426 0.175328
4.766427 0.154594
4.771429 0.097178
4.776430 0.025870
4.781432 -0.025469
4.786433 -0.031645
4.791435 0.007874
4.796436 0.066745
4.801438 0.105225
4.806439 0.092126
4.811441 0.022317
4.816442 -0.081205
4.821444 -0.181517
4.826445 -0.247900
4.831447 -0.268565
4.836448 -0.249781
4.841450 -0.205149
4.846451 -0.144140
4.851453 -0.067667
4.856454 0.027521
4.861456 0.140466
4.866457 0.260879
4.871459 0.370611
4.876460 0.449284
4.881462 0.479819
4.886463 0.452222
4.891465 0.366375
4.896466 0.234138
4.901468 0.079407
4.906469 -0.065825
4.911471 -0.170373
4.916472 -0.215659
4.921473 -0.204376
4.926475 -0.159406
4.931476 -0.112071
4.936478 -0.086660
4.941479 -0.090495
4.946481 -0.114012
4.951482 -0.138943
4.956484 -0.149453
4.961485 -0.140625
4.966487 -0.120015
4.971488 -0.101581
4.976490 -0.095901
4.981491 -0.102743
4.986493 -0.110312
4.991494 -0.101658
4.996496 -0.064774
5.001497 -0.000337
5.006499 0.078004
5.011500 0.150797
5.016502 0.202086
5.021503 0.224837
5.026505 0.220576
5.031506 0.195434
5.036508 0.156021
5.041509 0.107647
5.046511 0.055493
5.051512 0.006755
5.056514 -0.029446
5.061515 -0.045414
5.066517 -0.038781
5.071518 -0.013531
5.076520 0.022384
5.081521 0.060564
5.086523 0.094334
5.091524 0.118517
5.096526 0.127610
5.101527 0.115161
5.106529 0.076949
5.111530 0.016646
5.116532 -0.051543
5.121533 -0.107674
5.126535 -0.136609
5.131536 -0.137371
5.136538 -0.124507
5.141539 -0.119658
5.146541 -0.137897
5.151542 -0.177526
5.156544 -0.220585
5.161545 -0.243994
5.166547 -0.233381
5.171548 -0.190107
5.176550 -0.127696
5.181551 -0.061361
5.186553 0.001668
5.191554 0.064439
5.196556 0.133905
5.201557 0.211161
5.206559 0.286384
5.211560 0.342421
5.216562 0.363640
5.221563 0.343189
5.226565 0.284597
5.231566 0.198498
5.236568 0.098018
5.241569 -0.003902
5.246571 -0.094505
5.251572 -0.160879
5.256574 -0.192237
5.261575 -0.184754
5.266577 -0.145276
5.271578 -0.090429
5.276580 -0.041074
5.281581 -0.014803
5.286583 -0.019447
5.291584 -0.050118
5.296586 -0.091536
5.301587 -0.125255
5.306589 -0.138366
5.311590 -0.129053
5.316592 -0.106299
5.321593 -0.084083
5.326595 -0.072966
5.331596 -0.073584
5.336598 -0.076176
5.341599 -0.066842
5.346601 -0.036663
5.351602 0.011797
5.356604 0.064138
5.361605 0.100099
5.366607 0.103342
5.371608 0.070365
5.376610 0.013385
5.381611 -0.045074
5.386613 -0.083187
5.391614 -0.090407
5.396616 -0.071833
5.401617 -0.043846
5.406619 -0.023368
5.411620 -0.017474
5.416622 -0.020230
5.421623 -0.018342
5.426625 -0.000677
5.431626 0.035017
5.436628 0.081453
5.441629 0.126224
5.446631 0.158192
5.451632 0.172360
5.456634 0.170666
5.461635 0.158700
5.466637 0.141087
5.471638 0.118574
5.476640 0.088073
5.481641 0.045239
5.486643 -0.011480
5.491644 -0.077195
5.496646 -0.139681
5.501647 -0.182289
5.506649 -0.189475
5.511650 -0.152926
5.516652 -0.076571
5.521653 0.021506
5.526655 0.112696
5.531656 0.167325
5.536658 0.166137
5.541659 0.108127
5.546661 0.011233
5.551662 -0.094244
5.556664 -0.177103
5.561665 -0.217054
5.566667 -0.211098
5.571668 -0.171097
5.576670 -0.114547
5.581671 -0.054559
5.586673 0.005259
5.591674 0.068816
5.596676 0.140299
5.601677 0.216630
5.606679 0.284976
5.611680 0.327298
5.616682 0.328946
5.621683 0.285791
5.626685 0.205951
5.631686 0.105798
5.636688 0.003118
5.641689 -0.088265
5.646691 -0.159580
5.651692 -0.204896
5.656694 -0.219459
5.661695 -0.201169
5.666697 -0.153975
5.671698 -0.089714
5.676700 -0.025965
5.681701 0.019864
5.686703 0.037638
5.691704 0.028741
5.696706 0.004366
5.701707 -0.021402
5.706709 -0.039119
5.711710 -0.047383
5.716712 -0.050862
5.721713 -0.055169
5.726715 -0.062134
5.731716 -0.068377
5.736718 -0.067955
5.741719 -0.056820
5.746721 -0.035399
5.751722 -0.007700
5.756724 0.021173
5.761725 0.046625
5.766727 0.064836
5.771728 0.072734
5.776730 0.068395
5.781731 0.051981
5.786733 0.026918
5.791734 0.000178
5.796736 -0.019800
5.801737 -0.027185
5.806739 -0.022126
5.811740 -0.010792
5.816742 -0.001803
5.821743 -0.001139
5.826745 -0.008444
5.831746 -0.017215
5.836748 -0.019383
5.841749 -0.011510
5.846751 0.002194
5.851752 0.012646
5.856754 0.012328
5.861755 0.000655
5.866757 -0.015083
5.871758 -0.023513
5.876760 -0.015542
5.881761 0.010395
5.886763 0.047618
5.891764 0.085319
5.896765 0.114151
5.901767 0.129425
5.906768 0.130739
5.911770 0.119539
5.916771 0.096899
5.921773 0.063278
5.926774 0.020531
5.931776 -0.025719
5.936777 -0.066162
5.941779 -0.091180
5.946780 -0.095121
5.951782 -0.078471
5.956783 -0.047115
5.961785 -0.009908
5.966786 0.024076
5.971788 0.047525
5.976789 0.055359
5.981791 0.044209
5.986792 0.012607
5.991794 -0.037317
5.996795 -0.098178
6.001797 -0.157945
6.006798 -0.203272
6.011800 -0.223933
6.016801 -0.216064
6.021803 -0.182430
6.026804 -0.129592
6.031806 -0.064263
6.036807 0.007956
6.041809 0.080829
6.046810 0.145414
6.051812 0.190563
6.056813 0.206196
6.061815 0.187444
6.066816 0.137602
6.071818 0.068246
6.076819 -0.004205
6.081821 -0.064037
6.086822 -0.100668
6.091824 -0.109742
6.096825 -0.091667
6.101827 -0.049885
6.106828 0.009739
6.111830 0.078482
6.116831 0.144343
6.121833 0.193204
6.126834 0.212664
6.131836 0.197220
6.136837 0.151239
6.141839 0.087145
6.146840 0.019922
6.151842 -0.038487
6.156843 -0.082116
6.161845 -0.110551
6.166846 -0.126039
6.171848 -0.130161
6.176849 -0.122391
6.181851 -0.101376
6.186852 -0.067440
6.191854 -0.024334
6.196855 0.020534
6.201857 0.057391
6.206858 0.076955
6.211860 0.074057
6.216861 0.050028
6.221863 0.012300
6.226864 -0.028397
6.231866 -0.061683
6.236867 -0.080722
6.241869 -0.083951
6.246870 -0.074572
6.251872 -0.058101
6.256873 -0.039486
6.261875 -0.021219
6.266876 -0.002770
6.271878 0.018546
6.276879 0.045122
6.281881 0.076114
6.286882 0.106281
6.291884 0.127698
6.296885 0.132998
6.301887 0.118161
6.306888 0.084041
6.311890 0.036320
6.316891 -0.016542
6.321893 -0.066699
6.326894 -0.109460
6.331896 -0.143314
6.336897 -0.168099
6.341899 -0.183078
6.346900 -0.185982
6.351902 -0.173318
6.356903 -0.142132
6.361905 -0.092624
6.366906 -0.029873
6.371908 0.036583
6.376909 0.094955
6.381911 0.134156
6.386912 0.146888
6.391914 0.131989
6.396915 0.094653
6.401917 0.044141
6.406918 -0.009432
6.411920 -0.057452
6.416921 -0.093970
6.421923 -0.116137
6.426924 -0.123889
6.431926 -0.118894
6.436927 -0.103580
6.441929 -0.080839
6.446930 -0.054018
6.451932 -0.026627
6.456933 -0.001988
6.461935 0.017025
6.466936 0.028650
6.471938 0.033365
6.476939 0.034274
6.481941 0.035874
6.486942 0.041937
6.491944 0.053871
6.496945 0.070142
6.501947 0.086908
6.506948 0.099938
6.511950 0.106881
6.516951 0.108122
6.521953 0.105536
6.526954 0.100561
6.531956 0.093306
6.536957 0.082933
6.541959 0.068636
6.546960 0.050830
6.551962 0.032026
6.556963 0.016473
6.561965 0.008421
6.566966 0.010307
6.571968 0.021884
6.576969 0.040132
6.581971 0.059591
6.586972 0.073552
6.591974 0.076119
6.596975 0.064056
6.601977 0.037523
6.606978 -0.000045
6.611980 -0.042562
6.616981 -0.082762
6.621983 -0.114392
6.626984 -0.133866
6.631986 -0.140437
6.636987 -0.135421
6.641989 -0.121316
6.646990 -0.100875
6.651992 -0.076228
6.656993 -0.048799
6.661995 -0.020180
6.666996 0.007094
6.671998 0.029607
6.676999 0.043480
6.682001 0.044752
6.687002 0.030347
6.692004 -0.000247
6.697005 -0.043820
6.702007 -0.093941
6.707008 -0.142693
6.712010 -0.182605
6.717011 -0.208320
6.722013 -0.217542
6.727014 -0.210550
6.732016 -0.188553
6.737017 -0.152468
6.742019 -0.103094
6.747020 -0.042080
6.752022 0.027187
6.757023 0.098908
6.762025 0.164774
6.767026 0.215432
6.772028 0.243439
6.777029 0.245885
6.782031 0.225103
6.787032 0.187705
6.792034 0.142925
6.797035 0.100574
6.802037 0.068812
6.807038 0.052503
6.812040 0.052664
6.817041 0.066740
6.822043 0.089518
6.827044 0.114900
6.832046 0.137865
6.837047 0.155031
6.842049 0.163396
6.847050 0.159006
6.852052 0.137401
6.857053 0.095736
6.862055 0.035233
6.867056 -0.037327
6.872058 -0.110158
6.877059 -0.169690
6.882060 -0.205438
6.887062 -0.213828
6.892063 -0.198953
6.897065 -0.170358
6.902066 -0.139179
6.907068 -0.113978
6.912069 -0.097880
6.917071 -0.088588
6.922072 -0.081081
6.927074 -0.070822
6.932075 -0.055610
6.937077 -0.036036
6.942078 -0.015013
6.947080 0.003557
6.952081 0.016557
6.957083 0.022603
6.962084 0.021753
6.967086 0.015014
6.972087 0.004430
6.977089 -0.006875
6.982090 -0.015381
6.987092 -0.018021
6.992093 -0.012513
6.997095 0.002470
7.002096 0.026820
7.007098 0.058543
7.012099 0.093809
7.017101 0.127219
7.022102 0.152174
7.027104 0.161963
7.032105 0.151807
7.037107 0.120713
7.042108 0.071962
7.047110 0.012294
7.052111 -0.049606
7.057113 -0.105116
7.062114 -0.147656
7.067116 -0.173531
7.072117 -0.181389
7.077119 -0.171395
7.082120 -0.144963
7.087122 -0.104679
7.092123 -0.054147
7.097125 0.001869
7.102126 0.057146
7.107128 0.104622
7.112129 0.138171
7.117131 0.154207
7.122132 0.151880
7.127134 0.132277
7.132135 0.097689
7.137137 0.051387
7.142138 -0.001968
7.147140 -0.055337
7.152141 -0.098844
7.157143 -0.121628
7.162144 -0.116026
7.167146 -0.081411
7.172147 -0.024920
7.177149 0.041197
7.182150 0.103836
7.187152 0.152854
7.192153 0.182861
7.197155 0.192298
7.202156 0.180954
7.207158 0.148444
7.212159 0.095152
7.217161 0.024689
7.222162 -0.054260
7.227164 -0.128236
7.232165 -0.181972
7.237167 -0.203399
7.242168 -0.188411
7.247170 -0.142387
7.252171 -0.077576
7.257173 -0.008515
7.262174 0.051652
7.267176 0.093039
7.272177 0.109627
7.277179 0.099359
7.282180 0.064222
7.287182 0.010586
7.292183 -0.051015
7.297185 -0.108025
7.302186 -0.149614
7.307188 -0.169686
7.312189 -0.167493
7.317191 -0.146578
7.322192 -0.113276
7.327194 -0.074979
7.332195 -0.038235
7.337197 -0.007682
7.342198 0.013776
7.347200 0.024556
7.352201 0.024659
7.357203 0.015990
7.362204 0.001948
7.367206 -0.013286
7.372207 -0.025212
7.377209 -0.029655
7.382210 -0.024055
7.387212 -0.008636
7.392213 0.013544
7.397215 0.037640
7.402216 0.058649
7.407218 0.073311
7.412219 0.081562
7.417221 0.086295
7.422222 0.091231
7.427224 0.098428
7.432225 0.107034
7.437227 0.113496
7.442228 0.112853
7.447230 0.100924
7.452231 0.076451
7.457233 0.041724
7.462234 0.001384
7.467236 -0.039274
7.472237 -0.075420
7.477239 -0.103568
7.482240 -0.122460
7.487242 -0.133089
7.492243 -0.137357
7.497245 -0.136428
7.502246 -0.130046
7.507248 -0.116867
7.512249 -0.095375
7.517251 -0.065397
7.522252 -0.029761
7.527254 0.005496
7.532255 0.033155
7.537257 0.047699
7.542258 0.047222
7.547260 0.033884
7.552261 0.013069
7.557263 -0.008778
7.562264 -0.026833
7.567266 -0.039169
7.572267 -0.045828
7.577269 -0.047121
7.582270 -0.042787
7.587272 -0.031991
7.592273 -0.013714
7.597275 0.012313
7.602276 0.044348
7.607278 0.078395
7.612279 0.109607
7.617281 0.134094
7.622282 0.149698
7.627284 0.155811
7.632285 0.152934
7.637287 0.141930
7.642288 0.123053
7.647290 0.095849
7.652291 0.060540
7.657293 0.019602
7.662294 -0.022028
7.667296 -0.058145
7.672297 -0.083045
7.677299 -0.093388
7.682300 -0.089534
7.687302 -0.075255
7.692303 -0.055618
7.697305 -0.034661
7.702306 -0.014486
7.707308 0.004259
7.712309 0.021465
7.717311 0.036643
7.722312 0.048237
7.727314 0.053759
7.732315 0.050907
7.737317 0.038788
7.742318 0.018515
7.747320 -0.006686
7.752321 -0.031741
7.757323 -0.050832
7.762324 -0.059299
7.767326 -0.055262
7.772327 -0.040090
7.777329 -0.017883
7.782330 0.005605
7.787332 0.024586
7.792333 0.034920
7.797335 0.034947
7.802336 0.025231
7.807338 0.008111
7.812339 -0.012561
7.817341 -0.032134
7.822342 -0.046609
7.827344 -0.053815
7.832345 -0.053387
7.837347 -0.046094
7.842348 -0.033452
7.847350 -0.017488
7.852351 -0.000302
7.857353 0.016147
7.862354 0.029655
7.867355 0.037421
7.872357 0.036543
7.877358 0.025175
7.882360 0.003705
7.887361 -0.024469
7.892363 -0.053110
7.897364 -0.074850
7.902366 -0.083873
7.907367 -0.077861
7.912369 -0.058194
7.917370 -0.028971
7.922372 0.004339
7.927373 0.036457
7.932375 0.063741
7.937376 0.084440
7.942378 0.097570
7.947379 0.101860
7.952381 0.096041
7.957382 0.079994
7.962384 0.055471
7.967385 0.026023
7.972387 -0.003673
7.977388 -0.029054
7.982390 -0.047130
7.987391 -0.057220
7.992393 -0.060552
7.997394 -0.059333
8.002396 -0.055926
8.007397 -0.051993
8.012399 -0.047742
8.017400 -0.042116
8.022402 -0.034041
8.027403 -0.023543
8.032405 -0.011827
8.037406 -0.000885
8.042408 0.006695
8.047409 0.008228
8.052411 0.002150
8.057412 -0.010960
8.062414 -0.028565
8.067415 -0.047225
8.072417 -0.063605
8.077418 -0.075223
8.082420 -0.080916
8.087421 -0.080518
8.092423 -0.073875
8.097424 -0.060322
8.102426 -0.039344
8.107427 -0.011613
8.112429 0.020594
8.117430 0.053525
8.122432 0.082306
8.127433 0.101860
8.132435 0.108490
8.137436 0.101200
8.142438 0.081882
8.147439 0.054605
8.152441 0.024589
8.157442 -0.003025
8.162444 -0.024400
8.167445 -0.037437
8.172447 -0.041298
8.177448 -0.035931
8.182450 -0.022204
8.187451 -0.001963
8.192453 0.022486
8.197454 0.048759
8.202456 0.074212
8.207457 0.095944
8.212459 0.111600
8.217460 0.120097
8.222462 0.121363
8.227463 0.115638
8.232465 0.103272
8.237466 0.084882
8.242468 0.061361
8.247469 0.033934
8.252471 0.004416
8.257472 -0.024972
8.262474 -0.052443
8.267475 -0.077082
8.272477 -0.098189
8.277478 -0.114397
8.282480 -0.123651
8.287481 -0.123898
8.292483 -0.113878
8.297484 -0.093963
8.302486 -0.066881
8.307487 -0.037468
8.312489 -0.011115
8.317490 0.008058
8.322492 0.018089
8.327493 0.019100
8.332495 0.012704
8.337496 0.001090
8.342498 -0.013890
8.347499 -0.030831
8.352501 -0.048000
8.357502 -0.062737
8.362504 -0.071823
8.367505 -0.072472
8.372507 -0.063367
8.377508 -0.045614
8.382510 -0.023080
8.387511 -0.001129
8.392513 0.015996
8.397514 0.027197
8.402516 0.034406
8.407517 0.040816
8.412519 0.048879
8.417520 0.058882
8.422522 0.068555
8.427523 0.074208
8.432525 0.072900
8.437526 0.063976
8.442528 0.048878
8.447529 0.029986
8.452531 0.009681
8.457532 -0.010194
8.462534 -0.028709
8.467535 -0.045706
8.472537 -0.060960
8.477538 -0.073516
8.482540 -0.081959
8.487541 -0.085100
8.492543 -0.082309
8.497544 -0.073648
8.502546 -0.060145
8.507547 -0.043808
8.512549 -0.027002
8.517550 -0.011770
8.522552 0.000418
8.527553 0.008744
8.532555 0.013257
8.537556 0.014838
8.542558 0.014657
8.547559 0.013698
8.552561 0.012796
8.557562 0.012823
8.562564 0.014696
8.567565 0.019443
8.572567 0.028264
8.577568 0.041869
8.582570 0.059196
8.587571 0.076989
8.592573 0.091116
8.597574 0.098485
8.602576 0.098012
8.607577 0.090535
8.612579 0.078226
8.617580 0.063620
8.622582 0.048529
8.627583 0.033755
8.632585 0.019859
8.637586 0.007849
8.642588 -0.001019
8.647589 -0.005708
8.652591 -0.005532
8.657592 -0.000323
8.662594 0.009130
8.667595 0.021008
8.672597 0.033041
8.677598 0.043048
8.682600 0.049001
8.687601 0.049110
8.692603 0.042338
8.697604 0.028834
8.702606 0.009846
8.707607 -0.012568
8.712609 -0.035775
8.717610 -0.057136
8.722612 -0.074827
8.727613 -0.088047
8.732615 -0.096296
8.737616 -0.098730
8.742618 -0.094457
8.747619 -0.083210
8.752621 -0.065644
8.757622 -0.043422
8.762624 -0.019298
8.767625 0.003361
8.772627 0.021751
8.777628 0.034482
8.782630 0.041307
8.787631 0.042395
8.792633 0.038000
8.797634 0.028337
8.802636 0.013432
8.807637 -0.006479
8.812639 -0.029852
8.817640 -0.053271
8.822642 -0.072360
8.827643 -0.083345
8.832645 -0.084019
8.837646 -0.074040
8.842647 -0.054942
8.847649 -0.029543
8.852650 -0.000718
8.857652 0.029480
8.862653 0.059564
8.867655 0.087902
8.872656 0.112505
8.877658 0.131135
8.882659 0.141276
8.887661 0.140382
8.892662 0.126804
8.897664 0.100730
8.902665 0.064373
8.907667 0.021602
8.912668 -0.022550
8.917670 -0.062615
8.922671 -0.093729
8.927673 -0.112452
8.932674 -0.117077
8.937676 -0.107811
8.942677 -0.086985
8.947679 -0.058786
8.952680 -0.028231
8.957682 0.000039
8.962683 0.022527
8.967685 0.037281
8.972686 0.044020
8.977688 0.043597
8.982689 0.036995
8.987691 0.024939
8.992692 0.008472
8.997694 -0.010533
9.002695 -0.029670
9.007697 -0.046468
9.012698 -0.058438
9.017700 -0.063249
9.022701 -0.059538
9.027703 -0.047744
9.032704 -0.030159
9.037706 -0.010352
9.042707 0.007718
9.047709 0.020954
9.052710 0.028253
9.057712 0.030412
9.062713 0.028708
9.067715 0.023695
9.072716 0.015389
9.077718 0.004155
9.082719 -0.008817
9.087721 -0.021585
9.092722 -0.031739
9.097724 -0.037105
9.102725 -0.036732
9.107727 -0.031241
9.112728 -0.022109
9.117730 -0.010836
9.122731 0.001193
9.127733 0.012653
9.132734 0.022530
9.137736 0.030198
9.142737 0.035062
9.147739 0.036444
9.152740 0.034086
9.157742 0.028460
9.162743 0.020413
9.167745 0.010929
9.172746 0.001395
9.177748 -0.006453
9.182749 -0.011367
9.187751 -0.013212
9.192752 -0.012664
9.197754 -0.010681
9.202755 -0.008416
9.207757 -0.006974
9.212758 -0.006631
9.217760 -0.006412
9.222761 -0.004755
9.227763 -0.000525
9.232764 0.006651
9.237766 0.016529
9.242767 0.028361
9.247769 0.041092
9.252770 0.053866
9.257772 0.066275
9.262773 0.077991
9.267775 0.088338
9.272776 0.096406
9.277778 0.101314
9.282779 0.102109
9.287781 0.097696
9.292782 0.087262
9.297784 0.070734
9.302785 0.048835
9.307787 0.023079
9.312788 -0.004097
9.317790 -0.029633
9.322791 -0.050747
9.327793 -0.065630
9.332794 -0.073405
9.337796 -0.073973
9.342797 -0.068258
9.347799 -0.058314
9.352800 -0.046927
9.357802 -0.037082
9.362803 -0.031593
9.367805 -0.032478
9.372806 -0.040099
9.377808 -0.052905
9.382809 -0.068180
9.387811 -0.082998
9.392812 -0.094727
9.397814 -0.101368
9.402815 -0.101972
9.407817 -0.096676
9.412818 -0.086116
9.417820 -0.070887
9.422821 -0.051625
9.427823 -0.029406
9.432824 -0.005988
9.437826 0.016175
9.442827 0.034231
9.447829 0.045843
9.452830 0.050292
9.457832 0.048672
9.462833 0.042946
9.467835 0.034978
9.472836 0.026255
9.477838 0.017780
9.482839 0.009793
9.487841 0.001928
9.492842 -0.005905
9.497844 -0.012886
9.502845 -0.017664
9.507847 -0.019150
9.512848 -0.016937
9.517850 -0.011342
9.522851 -0.003351
9.527853 0.005725
9.532854 0.014759
9.537856 0.022878
9.542857 0.028982
9.547859 0.031585
9.552860 0.029515
9.557862 0.022758
9.562863 0.012665
9.567865 0.001683
9.572866 -0.007095
9.577868 -0.010757
9.582869 -0.007609
9.587871 0.002433
9.592872 0.018361
9.597874 0.038578
9.602875 0.060816
9.607877 0.082129
9.612878 0.099575
9.617880 0.111018
9.622881 0.115385
9.627883 0.112673
9.632884 0.103973
9.637886 0.091097
9.642887 0.075764
9.647889 0.059242
9.652890 0.042848
9.657892 0.028329
9.662893 0.017325
9.667895 0.010554
9.672896 0.007554
9.677898 0.006862
9.682899 0.006232
9.687901 0.003251
9.692902 -0.003541
9.697904 -0.013927
9.702905 -0.026464
9.707907 -0.039516
9.712908 -0.051821
9.717910 -0.062538
9.722911 -0.071242
9.727913 -0.077767
9.732914 -0.081837
9.737916 -0.083042
9.742917 -0.081449
9.747919 -0.078126
9.752920 -0.074800
9.757922 -0.073031
9.762923 -0.073622
9.767925 -0.076332
9.772926 -0.079762
9.777928 -0.081737
9.782929 -0.080292
9.787931 -0.074535
9.792932 -0.064742
9.797934 -0.051990
9.802935 -0.037918
9.807937 -0.024387
9.812938 -0.012800
9.817940 -0.003583
9.822941 0.003555
9.827942 0.009028
9.832944 0.013174
9.837945 0.016324
9.842947 0.018665
9.847948 0.020174
9.852950 0.020861
9.857951 0.020906
9.862953 0.020364
9.867954 0.019085
9.872956 0.017211
9.877957 0.015472
9.882959 0.014713
9.887960 0.015303
9.892962 0.017205
9.897963 0.020359
9.902965 0.024729
9.907966 0.030197
9.912968 0.036612
9.917969 0.043715
9.922971 0.050833
9.927972 0.057010
9.932974 0.061772
9.937975 0.065563
9.942977 0.069087
9.947978 0.072338
9.952980 0.074493
9.957981 0.074619
9.962983 0.072351
9.967984 0.068168
9.972986 0.063249
9.977987 0.058699
9.982989 0.054509
9.987990 0.049344
9.992992 0.041465
9.997993 0.029678
10.002995 0.013477
10.007996 -0.007008
10.012998 -0.030657
10.017999 -0.055162
10.023001 -0.077606
10.028002 -0.095245
10.033004 -0.105866
10.038005 -0.108067
10.043007 -0.101765
10.048008 -0.088324
10.053010 -0.070047
10.058011 -0.049639
10.063013 -0.030054
10.068014 -0.014137
10.073016 -0.003805
10.078017 0.000450
10.083019 -0.000817
10.088020 -0.006576
10.093022 -0.015452
10.098023 -0.025771
10.103025 -0.035921
10.108026 -0.044507
10.113028 -0.050096
10.118029 -0.051290
10.123031 -0.047474
10.128032 -0.039236
10.133034 -0.027796
10.138035 -0.014280
10.143037 0.000300
10.148038 0.014802
10.153040 0.028160
10.158041 0.039750
10.163043 0.049397
10.168044 0.057350
10.173046 0.064444
10.178047 0.071873
10.183049 0.080336
10.188050 0.089496
10.193052 0.098333
10.198053 0.105674
10.203055 0.110125
10.208056 0.109957
10.213058 0.103640
10.218059 0.090639
10.223061 0.071733
10.228062 0.048869
10.233064 0.024735
10.238065 0.001907
10.243067 -0.018083
10.248068 -0.034822
10.253070 -0.048140
10.258071 -0.057510
10.263073 -0.062510
10.268074 -0.063605
10.273076 -0.062165
10.278077 -0.059880
10.283079 -0.058259
10.288080 -0.058320
10.293082 -0.060303
10.298083 -0.063675
10.303085 -0.067520
10.308086 -0.070787
10.313088 -0.072242
10.318089 -0.070705
10.323091 -0.065616
10.328092 -0.057166
10.333094 -0.045835
10.338095 -0.032200
10.343097 -0.017363
10.348098 -0.003054
10.353100 0.009188
10.358101 0.018918
10.363103 0.026775
10.368104 0.033773
10.373106 0.040636
10.378107 0.047257
10.383109 0.052443
10.388110 0.054507
10.393112 0.052632
10.398113 0.047687
10.403115 0.041665
10.408116 0.036542
10.413118 0.033649
10.418119 0.033445
10.423121 0.035289
10.428122 0.037652
10.433124 0.038999
10.438125 0.038461
10.443127 0.035608
10.448128 0.029992
10.453130 0.021230
10.458131 0.009273
10.463133 -0.005664
10.468134 -0.023128
10.473136 -0.042050
10.478137 -0.060436
10.483139 -0.075705
10.488140 -0.085364
10.493142 -0.087592
10.498143 -0.081845
10.503145 -0.069353
10.508146 -0.052809
10.513148 -0.035185
10.518149 -0.018798
10.523151 -0.005372
10.528152 0.003580
10.533154 0.006833
10.538155 0.003793
10.543157 -0.005311
10.548158 -0.019204
10.553160 -0.035343
10.558161 -0.050312
10.563163 -0.060864
10.568164 -0.064678
10.573166 -0.060382
10.578167 -0.047573
10.583169 -0.027321
10.588170 -0.002330
10.593172 0.023819
10.598173 0.047737
10.603175 0.066775
10.608176 0.079218
10.613178 0.084507
10.618179 0.083214
10.623181 0.076555
10.628182 0.065985
10.633184 0.053225
10.638185 0.040237
10.643187 0.028803
10.648188 0.020137
10.653190 0.014901
10.658191 0.013307
10.663193 0.015073
10.668194 0.019483
10.673196 0.025689
10.678197 0.032833
10.683199 0.039862
10.688200 0.045563
10.693202 0.048978
10.698203 0.049601
10.703205 0.047116
10.708206 0.041368
10.713208 0.032922
10.718209 0.023348
10.723211 0.014434
10.728212 0.007083
10.733214 0.001037
10.738215 -0.004545
10.743217 -0.010360
10.748218 -0.016426
10.753220 -0.021899
10.758221 -0.025491
10.763223 -0.026295
10.768224 -0.024189
10.773226 -0.019527
10.778227 -0.012828
10.783229 -0.004962
10.788230 0.002729
10.793232 0.008883
10.798233 0.012588
10.803235 0.013244
10.808236 0.010336
10.813237 0.003695
10.818239 -0.006070
10.823240 -0.017555
10.828242 -0.028778
10.833243 -0.037494
10.838245 -0.041925
10.843246 -0.041726
10.848248 -0.038148
10.853249 -0.033039
10.858251 -0.027795
10.863252 -0.023198
10.868254 -0.019749
10.873255 -0.017841
10.878257 -0.017890
10.883258 -0.020514
10.888260 -0.026269
10.893261 -0.034900
10.898263 -0.045033
10.903264 -0.054751
10.908266 -0.062260
10.913267 -0.066053
10.918269 -0.065111
10.923270 -0.059489
10.928272 -0.050557
10.933273 -0.040352
10.938275 -0.030669
10.943276 -0.022618
10.948278 -0.016578
10.953279 -0.012292
10.958281 -0.009277
10.963282 -0.007304
10.968284 -0.006208
10.973285 -0.005133
10.978287 -0.002369
10.983288 0.003728
10.988290 0.013788
10.993291 0.027349
10.998293 0.043164
11.003294 0.059313
11.008296 0.073579
11.013297 0.084379
11.018299 0.091321
11.023300 0.094672
11.028302 0.094523
11.033303 0.090696
11.038305 0.083147
11.043306 0.072183
11.048308 0.058588
11.053309 0.043798
11.058311 0.029646
11.063312 0.017550
11.068314 0.007972
11.073315 0.000651
11.078317 -0.005006
11.083318 -0.009898
11.088320 -0.015022
11.093321 -0.020791
11.098323 -0.026676
11.103324 -0.031748
11.108326 -0.035458
11.113327 -0.037865
11.118329 -0.039503
11.123330 -0.041232
11.128332 -0.043837
11.133333 -0.047398
11.138335 -0.051208
11.143336 -0.054460
11.148338 -0.056788
11.153339 -0.058097
11.158341 -0.058325
11.163342 -0.057717
11.168344 -0.056956
11.173345 -0.056632
11.178347 -0.056725
11.183348 -0.056664
11.188350 -0.055511
11.193351 -0.051951
11.198353 -0.044665
11.203354 -0.033220
11.208356 -0.018532
11.213357 -0.002333
11.218359 0.013584
11.223360 0.027619
11.228362 0.038482
11.233363 0.045524
11.238365 0.048805
11.243366 0.048601
11.248368 0.045089
11.253369 0.038614
11.258371 0.029903
11.263372 0.019755
11.268374 0.008847
11.273375 -0.001940
11.278377 -0.011341
11.283378 -0.018153
11.288380 -0.021667
11.293381 -0.021550
11.298383 -0.017628
11.303384 -0.010055
11.308386 0.000548
11.313387 0.013275
11.318389 0.027001
11.323390 0.040070
11.328392 0.050331
11.333393 0.055852
11.338395 0.055619
11.343396 0.049631
11.348398 0.038876
11.353399 0.025451
11.358401 0.012218
11.363402 0.001714
11.368404 -0.004756
11.373405 -0.007019
11.378407 -0.005424
11.383408 -0.000555
11.388410 0.006754
11.393411 0.015526
11.398413 0.024713
11.403414 0.033083
11.408416 0.039331
11.413417 0.042582
11.418419 0.042667
11.423420 0.039832
11.428422 0.034509
11.433423 0.027503
11.438425 0.019946
11.443426 0.012632
11.448428 0.005567
11.453429 -0.001609
11.458431 -0.008974
11.463432 -0.016228
11.468434 -0.022968
11.473435 -0.028791
11.478437 -0.033328
11.483438 -0.036413
11.488440 -0.038028
11.493441 -0.037959
11.498443 -0.035808
11.503444 -0.031648
11.508446 -0.026447
11.513447 -0.021578
11.518449 -0.018054
11.523450 -0.016441
11.528452 -0.017133
11.533453 -0.020262
11.538455 -0.025485
11.543456 -0.032176
11.548458 -0.039711
11.553459 -0.047346
11.558461 -0.054021
11.563462 -0.058568
11.568464 -0.059992
11.573465 -0.057487
11.578467 -0.050662
11.583468 -0.040156
11.588470 -0.027769
11.593471 -0.015597
11.598473 -0.005057
11.603474 0.003188
11.608476 0.008781
11.613477 0.011535
11.618479 0.011546
11.623480 0.009183
11.628482 0.005098
11.633483 0.000354
11.638485 -0.003764
11.643486 -0.006329
11.648488 -0.006970
11.653489 -0.005375
11.658491 -0.000979
11.663492 0.006506
11.668494 0.016441
11.673495 0.027438
11.678497 0.038036
11.683498 0.047022
11.688500 0.053431
11.693501 0.056629
11.698503 0.056337
11.703504 0.052468
11.708506 0.045190
11.713507 0.035403
11.718509 0.024837
11.723510 0.015379
11.728512 0.008394
11.733513 0.004706
11.738515 0.004755
11.743516 0.008408
11.748518 0.014797
11.753519 0.022574
11.758521 0.030236
11.763522 0.036241
11.768524 0.039263
11.773525 0.038686
11.778527 0.034750
11.783528 0.028131
11.788529 0.019650
11.793531 0.010446
11.798532 0.001921
11.803534 -0.004867
11.808535 -0.009581
11.813537 -0.012223
11.818538 -0.012721
11.823540 -0.011156
11.828541 -0.008148
11.833543 -0.004728
11.838544 -0.001953
11.843546 -0.000763
11.848547 -0.001897
11.853549 -0.005622
11.858550 -0.011638
11.863552 -0.019345
11.868553 -0.028013
11.873555 -0.036607
11.878556 -0.043787
11.883558 -0.048321
11.888559 -0.049398
11.893561 -0.046621
11.898562 -0.040134
11.903564 -0.030987
11.908565 -0.020976
11.913567 -0.011797
11.918568 -0.004441
11.923570 0.000586
11.928571 0.002946
11.933573 0.002680
11.938574 0.000368
11.943576 -0.003258
11.948577 -0.007631
11.953579 -0.012085
11.958580 -0.015626
11.963582 -0.017385
11.968583 -0.017186
11.973585 -0.015503
11.978586 -0.013115
11.983588 -0.010976
11.988589 -0.010020
11.993591 -0.010613
11.998592 -0.012236
12.003594 -0.013924
12.008595 -0.014917
12.013597 -0.014846
12.018598 -0.013641
12.023600 -0.011572
12.028601 -0.009135
12.033603 -0.006545
12.038604 -0.003437
12.043606 0.000701
12.048607 0.005897
12.053609 0.011645
12.058610 0.017248
12.063612 0.022055
12.068613 0.025678
12.073615 0.028315
12.078616 0.030704
12.083618 0.033560
12.088619 0.037148
12.093621 0.041418
12.098622 0.046209
12.103624 0.051157
12.108625 0.055667
12.113627 0.059138
12.118628 0.061010
12.123630 0.060548
12.128631 0.056998
12.133633 0.050193
12.138634 0.040750
12.143636 0.029547
12.148637 0.017366
12.153639 0.005144
12.158640 -0.005952
12.163642 -0.015096
12.168643 -0.022208
12.173645 -0.027559
12.178646 -0.031274
12.183648 -0.033504
12.188649 -0.034778
12.193651 -0.035802
12.198652 -0.037069
12.203654 -0.038895
12.208655 -0.041549
12.213657 -0.044984
12.218658 -0.048631
12.223660 -0.051746
12.228661 -0.053875
12.233663 -0.054960
12.238664 -0.055320
12.243666 -0.055678
12.248667 -0.056851
12.253669 -0.059046
12.258670 -0.061529
12.263672 -0.063048
12.268673 -0.062481
12.273675 -0.059155
12.278676 -0.052993
12.283678 -0.044579
12.288679 -0.034774
12.293681 -0.024074
12.298682 -0.012497
12.303684 -0.000216
12.308685 0.012051
12.313687 0.023456
12.318688 0.033542
12.323690 0.042252
12.328691 0.049760
12.333693 0.056496
12.338694 0.062959
12.343696 0.069249
12.348697 0.075002
12.353699 0.079933
12.358700 0.084167
12.363702 0.087866
12.368703 0.090807
12.373705 0.092523
12.378706 0.092642
12.383708 0.090912
12.388709 0.087211
12.393711 0.081747
12.398712 0.074987
12.403714 0.067085
12.408715 0.057605
12.413717 0.046095
12.418718 0.032784
12.423720 0.018551
12.428721 0.004500
12.433723 -0.008306
12.438724 -0.019162
12.443726 -0.028225
12.448727 -0.036433
12.453729 -0.044597
12.458730 -0.052660
12.463732 -0.059994
12.468733 -0.066057
12.473735 -0.070546
12.478736 -0.073313
12.483738 -0.074569
12.488739 -0.074929
12.493741 -0.074961
12.498742 -0.074782
12.503744 -0.074231
12.508745 -0.073173
12.513747 -0.071520
12.518748 -0.069220
12.523750 -0.066360
12.528751 -0.063011
12.533753 -0.058836
12.538754 -0.053190
12.543756 -0.045846
12.548757 -0.037337
12.553759 -0.028353
12.558760 -0.019065
12.563762 -0.009282
12.568763 0.001055
12.573765 0.011789
12.578766 0.022612
12.583768 0.032809
12.588769 0.041186
12.593771 0.046698
12.598772 0.049111
12.603774 0.048911
12.608775 0.046810
12.613777 0.043476
12.618778 0.039389
12.623780 0.034595
12.628781 0.028815
12.633783 0.022090
12.638784 0.015155
12.643786 0.009016
12.648787 0.004369
12.653789 0.001528
12.658790 0.000535
12.663792 0.001081
12.668793 0.002639
12.673795 0.005000
12.678796 0.008513
12.683798 0.013576
12.688799 0.020016
12.693801 0.027109
12.698802 0.033951
12.703804 0.039626
12.708805 0.043286
12.713807 0.044448
12.718808 0.043214
12.723810 0.040078
12.728811 0.035625
12.733813 0.030454
12.738814 0.025113
12.743816 0.019915
12.748817 0.015042
12.753819 0.010964
12.758820 0.008423
12.763822 0.007758
12.768823 0.008456
12.773824 0.009566
12.778826 0.010348
12.783827 0.010395
12.788829 0.009502
12.793830 0.007693
12.798832 0.005118
12.803833 0.001617
12.808835 -0.003366
12.813836 -0.010093
12.818838 -0.017872
12.823839 -0.025310
12.828841 -0.031100
12.833842 -0.034506
12.838844 -0.035458
12.843845 -0.034552
12.848847 -0.032693
12.853848 -0.030416
12.858850 -0.027646
12.863851 -0.024238
12.868853 -0.020516
12.873854 -0.017156
12.878856 -0.014900
12.883857 -0.014539
12.888859 -0.016741
12.893860 -0.021432
12.898862 -0.027536
12.903863 -0.033610
12.908865 -0.038613
12.913866 -0.041962
12.918868 -0.043276
12.923869 -0.042443
12.928871 -0.039677
12.933872 -0.035182
12.938874 -0.028955
12.943875 -0.021155
12.948877 -0.012438
12.953878 -0.003683
12.958880 0.004418
12.963881 0.011371
12.968883 0.016828
12.973884 0.020871
12.978886 0.024098
12.983887 0.027097
12.988889 0.030010
12.993890 0.032872
12.998892 0.036086
13.003893 0.040237
13.008895 0.045584
13.013896 0.051920
13.018898 0.058652
13.023899 0.064804
13.028901 0.069208
13.033902 0.071001
13.038904 0.069815
13.043905 0.065425
13.048907 0.057619
13.053908 0.046686
13.058910 0.033737
13.063911 0.020210
13.068913 0.007159
13.073914 -0.004815
13.078916 -0.015249
13.083917 -0.023751
13.088919 -0.030049
13.093920 -0.033863
13.098922 -0.034864
13.103923 -0.032979
13.108925 -0.028694
13.113926 -0.022985
13.118928 -0.017156
13.123929 -0.012766
13.128931 -0.011230
13.133932 -0.013027
13.138934 -0.017380
13.143935 -0.022921
13.148937 -0.028529
13.153938 -0.033459
13.158940 -0.037093
13.163941 -0.038965
13.168943 -0.038864
13.173944 -0.036634
13.178946 -0.032156
13.183947 -0.025781
13.188949 -0.018515
13.193950 -0.011465
13.198952 -0.005234
13.203953 0.000031
13.208955 0.004375
13.213956 0.008059
13.218958 0.011508
13.223959 0.014889
13.228961 0.017913
13.233962 0.020238
13.238964 0.021812
13.243965 0.022630
13.248967 0.022438
13.253968 0.020905
13.258970 0.017804
13.263971 0.012913
13.268973 0.006160
13.273974 -0.001805
13.278976 -0.009472
13.283977 -0.015244
13.288979 -0.018259
13.293980 -0.018438
13.298982 -0.016144
13.303983 -0.012091
13.308985 -0.007167
13.313986 -0.001862
13.318988 0.004018
13.323989 0.010746
13.328991 0.017879
13.333992 0.024255
13.338994 0.028619
13.343995 0.030115
13.348997 0.028515
13.353998 0.024357
13.359000 0.018767
13.364001 0.012859
13.369003 0.007274
13.374004 0.002252
13.379006 -0.002215
13.384007 -0.006443
13.389009 -0.010824
13.394010 -0.015162
13.399012 -0.018487
13.404013 -0.019898
13.409015 -0.019411
13.414016 -0.017776
13.419018 -0.015762
13.424019 -0.013884
13.429021 -0.012502
13.434022 -0.011753
13.439024 -0.011478
13.444025 -0.011512
13.449027 -0.011968
13.454028 -0.013037
13.459030 -0.014666
13.464031 -0.016579
13.469033 -0.018400
13.474034 -0.019623
13.479036 -0.019746
13.484037 -0.018602
13.489039 -0.016345
13.494040 -0.012998
13.499042 -0.008372
13.504043 -0.002610
13.509045 0.003493
13.514046 0.008950
13.519048 0.013157
13.524049 0.015946
13.529051 0.017468
13.534052 0.018285
13.539054 0.019219
13.544055 0.020753
13.549057 0.022711
13.554058 0.024663
13.559060 0.026302
13.564061 0.027263
13.569063 0.027037
13.574064 0.025418
13.579066 0.022775
13.584067 0.019612
13.589069 0.016091
13.594070 0.012204
13.599072 0.008061
13.604073 0.003712
13.609075 -0.001044
13.614076 -0.006334
13.619078 -0.011827
13.624079 -0.016904
13.629081 -0.021056
13.634082 -0.023991
13.639084 -0.025703
13.644085 -0.026717
13.649087 -0.027966
13.654088 -0.029991
13.659090 -0.032359
13.664091 -0.034079
13.669093 -0.034397
13.674094 -0.033011
13.679096 -0.029890
13.684097 -0.025239
13.689099 -0.019449
13.694100 -0.012731
13.699102 -0.004948
13.704103 0.003916
13.709105 0.013278
13.714106 0.022112
13.719108 0.029345
13.724109 0.033978
13.729111 0.035360
13.734112 0.033867
13.739114 0.031039
13.744115 0.028565
13.749117 0.027116
13.754118 0.026258
13.759119 0.025154
13.764121 0.023163
13.769122 0.020125
13.774124 0.016499
13.779125 0.013092
13.784127 0.010429
13.789128 0.008453
13.794130 0.006867
13.799131 0.005481
13.804133 0.004158
13.809134 0.002822
13.814136 0.001742
13.819137 0.001470
13.824139 0.002221
13.829140 0.003484
13.834142 0.004406
13.839143 0.004310
13.844145 0.002771
13.849146 -0.000411
13.854148 -0.004978
13.859149 -0.010179
13.864151 -0.015207
13.869152 -0.019523
13.874154 -0.022681
13.879155 -0.024174
13.884157 -0.023728
13.889158 -0.021553
13.894160 -0.018124
13.899161 -0.013940
13.904163 -0.009701
13.909164 -0.006432
13.914166 -0.005087
13.919167 -0.006120
13.924169 -0.009522
13.929170 -0.014958
13.934172 -0.021625
13.939173 -0.028335
13.944175 -0.034095
13.949176 -0.038428
13.954178 -0.040962
13.959179 -0.041124
13.964181 -0.038610
13.969182 -0.033822
13.974184 -0.027487
13.979185 -0.020091
13.984187 -0.011944
13.989188 -0.003475
13.994190 0.004904
13.999191 0.013000
14.004193 0.020612
14.009194 0.027376
14.014196 0.033156
14.019197 0.038270
14.024199 0.043021
14.029200 0.047233
14.034202 0.050486
14.039203 0.052498
14.044205 0.053016
14.049206 0.051678
14.054208 0.048328
14.059209 0.043256
14.064211 0.036863
14.069212 0.029304
14.074214 0.020726
14.079215 0.011638
14.084217 0.002715
14.089218 -0.005633
14.094220 -0.013299
14.099221 -0.020333
14.104223 -0.026943
14.109224 -0.033382
14.114226 -0.039564
14.119227 -0.045071
14.124229 -0.049787
14.129230 -0.054229
14.134232 -0.058901
14.139233 -0.063543
14.144235 -0.067245
14.149236 -0.069040
14.154238 -0.068181
14.159239 -0.064296
14.164241 -0.057743
14.169242 -0.049617
14.174244 -0.040993
14.179245 -0.032198
14.184247 -0.023010
14.189248 -0.013290
14.194250 -0.003152
14.199251 0.007120
14.204253 0.016908
14.209254 0.025219
14.214256 0.031278
14.219257 0.035158
14.224259 0.037654
14.229260 0.039726
14.234262 0.042181
14.239263 0.045471
14.244265 0.049413
14.249266 0.053309
14.254268 0.056633
14.259269 0.059438
14.264271 0.061952
14.269272 0.064072
14.274274 0.065443
14.279275 0.065704
14.284277 0.064396
14.289278 0.060981
14.294280 0.055403
14.299281 0.048431
14.304283 0.041113
14.309284 0.033987
14.314286 0.027038
14.319287 0.020126
14.324289 0.013144
14.329290 0.005935
14.334292 -0.001605
14.339293 -0.009435
14.344295 -0.017469
14.349296 -0.025590
14.354298 -0.033404
14.359299 -0.040240
14.364301 -0.045652
14.369302 -0.049746
14.374304 -0.052793
14.379305 -0.054696
14.384307 -0.055031
14.389308 -0.053391
14.394310 -0.049515
14.399311 -0.043344
14.404313 -0.035234
14.409314 -0.025959
14.414316 -0.016354
14.419317 -0.007184
14.424319 0.000582
14.429320 0.005857
14.434322 0.008198
14.439323 0.008241
14.444325 0.007092
14.449326 0.005506
14.454328 0.003814
14.459329 0.002224
14.464331 0.000807
14.469332 -0.000500
14.474334 -0.001499
14.479335 -0.001586
14.484337 -0.000344
14.489338 0.001916
14.494340 0.004439
14.499341 0.006531
14.504343 0.007565
14.509344 0.006906
14.514346 0.004305
14.519347 0.000235
14.524349 -0.004420
14.529350 -0.008843
14.534352 -0.012344
14.539353 -0.014365
14.544355 -0.014786
14.549356 -0.014029
14.554358 -0.012555
14.559359 -0.010443
14.564361 -0.007624
14.569362 -0.004258
14.574364 -0.000691
14.579365 0.002630
14.584367 0.004977
14.589368 0.005467
14.594370 0.003715
14.599371 0.000248
14.604373 -0.003879
14.609374 -0.007684
14.614376 -0.010469
14.619377 -0.011852
14.624379 -0.011888
14.629380 -0.010940
14.634382 -0.009225
14.639383 -0.006683
14.644385 -0.003447
14.649386 -0.000117
14.654388 0.002620
14.659389 0.004388
14.664391 0.005001
14.669392 0.004372
14.674394 0.002786
14.679395 0.000911
14.684397 -0.000723
14.689398 -0.002001
14.694400 -0.002764
14.699401 -0.002454
14.704403 -0.000534
14.709404 0.002958
14.714406 0.007533
14.719407 0.012562
14.724409 0.017160
14.729410 0.020164
14.734412 0.020783
14.739413 0.019246
14.744414 0.016581
14.749416 0.013918
14.754417 0.012126
14.759419 0.011709
14.764420 0.012646
14.769422 0.014495
14.774423 0.016960
14.779425 0.020225
14.784426 0.024521
14.789428 0.029525
14.794429 0.034445
14.799431 0.038484
14.804432 0.040980
14.809434 0.041348
14.814435 0.039232
14.819437 0.034710
14.824438 0.028206
14.829440 0.020407
14.834441 0.012320
14.839443 0.005053
14.844444 -0.000783
14.849446 -0.005296
14.854447 -0.008781
14.859449 -0.011253
14.864450 -0.012622
14.869452 -0.012981
14.874453 -0.012481
14.879455 -0.011243
14.884456 -0.009643
14.889458 -0.008395
14.894459 -0.008061
14.899461 -0.008692
14.904462 -0.010158
14.909464 -0.012579
14.914465 -0.016158
14.919467 -0.020749
14.924468 -0.025819
14.929470 -0.030689
14.934471 -0.034599
14.939473 -0.036822
14.944474 -0.037081
14.949476 -0.035761
14.954477 -0.033443
14.959479 -0.030358
14.964480 -0.026467
14.969482 -0.021867
14.974483 -0.016835
14.979485 -0.011710
14.984486 -0.007028
14.989488 -0.003571
14.994489 -0.001917
14.999491 -0.002030
15.004492 -0.003432
15.009494 -0.005547
15.014495 -0.007714
15.019497 -0.009294
15.024498 -0.010117
15.029500 -0.010532
15.034501 -0.010748
15.039503 -0.010474
15.044504 -0.009441
15.049506 -0.007882
15.054507 -0.006207
15.059509 -0.004476
15.064510 -0.002499
15.069512 -0.000140
15.074513 0.002646
15.079515 0.005751
15.084516 0.008587
15.089518 0.010137
15.094519 0.009679
15.099521 0.007296
15.104522 0.003538
15.109524 -0.001112
15.114525 -0.006209
15.119527 -0.011136
15.124528 -0.015321
15.129530 -0.018425
15.134531 -0.020006
15.139533 -0.019274
15.144534 -0.015606
15.149536 -0.009196
15.154537 -0.000907
15.159539 0.008259
15.164540 0.017293
15.169542 0.025141
15.174543 0.031005
15.179545 0.034597
15.184546 0.035893
15.189548 0.034867
15.194549 0.031704
15.199551 0.027033
15.204552 0.021680
15.209554 0.016419
15.214555 0.012169
15.219557 0.010056
15.224558 0.010838
15.229560 0.014393
15.234561 0.019950
15.239563 0.026523
15.244564 0.032904
15.249566 0.037692
15.254567 0.039811
15.259569 0.038923
15.264570 0.035191
15.269572 0.028929
15.274573 0.020721
15.279575 0.011501
15.284576 0.002165
15.289578 -0.006713
15.294579 -0.014650
15.299581 -0.021157
15.304582 -0.026154
15.309584 -0.030070
15.314585 -0.033126
15.319587 -0.034801
15.324588 -0.034372
15.329590 -0.031759
15.334591 -0.027595
15.339593 -0.022755
15.344594 -0.018138
15.349596 -0.014579
15.354597 -0.012454
15.359599 -0.011432
15.364600 -0.010864
15.369602 -0.010282
15.374603 -0.009378
15.379605 -0.007816
15.384606 -0.005432
15.389608 -0.002402
15.394609 0.001104
15.399611 0.005241
15.404612 0.010167
15.409614 0.015581
15.414615 0.020864
15.419617 0.025469
15.424618 0.028926
15.429620 0.030757
15.434621 0.030722
15.439623 0.028972
15.444624 0.025704
15.449626 0.020886
15.454627 0.014626
15.459629 0.007650
15.464630 0.001122
15.469632 -0.003843
15.474633 -0.006407
15.479635 -0.006194
15.484636 -0.003687
15.489638 -0.000254
15.494639 0.002603
15.499641 0.004025
15.504642 0.003798
15.509644 0.001962
15.514645 -0.001246
15.519647 -0.005356
15.524648 -0.009962
15.529650 -0.014989
15.534651 -0.020402
15.539653 -0.025838
15.544654 -0.030775
15.549656 -0.034903
15.554657 -0.038036
15.559659 -0.039870
15.564660 -0.040170
15.569662 -0.039172
15.574663 -0.037492
15.579665 -0.035624
15.584666 -0.033672
15.589668 -0.031452
15.594669 -0.028642
15.599671 -0.024976
15.604672 -0.020518
15.609674 -0.015626
15.614675 -0.010527
15.619677 -0.005141
15.624678 0.000542
15.629680 0.006219
15.634681 0.011613
15.639683 0.016732
15.644684 0.021464
15.649686 0.025261
15.654687 0.027624
15.659689 0.028729
15.664690 0.029284
15.669692 0.029951
15.674693 0.031119
15.679695 0.032988
15.684696 0.035500
15.689698 0.038303
15.694699 0.041029
15.699701 0.043456
15.704702 0.045249
15.709704 0.045802
15.714705 0.044670
15.719706 0.041967
15.724708 0.038104
15.729709 0.033398
15.734711 0.028174
15.739712 0.022915
15.744714 0.017981
15.749715 0.013410
15.754717 0.009224
15.759718 0.005638
15.764720 0.002704
15.769721 0.000023
15.774723 -0.002884
15.779724 -0.006168
15.784726 -0.009892
15.789727 -0.014372
15.794729 -0.019870
15.799730 -0.026094
15.804732 -0.032290
15.809733 -0.037657
15.814735 -0.041470
15.819736 -0.043168
15.824738 -0.042738
15.829739 -0.040863
15.834741 -0.038365
15.839742 -0.035635
15.844744 -0.032819
15.849745 -0.030268
15.854747 -0.028420
15.859748 -0.027410
15.864750 -0.027063
15.869751 -0.027069
15.874753 -0.026919
15.879754 -0.025959
15.884756 -0.023865
15.889757 -0.020890
15.894759 -0.017376
15.899760 -0.013294
15.904762 -0.008534
15.909763 -0.003372
15.914765 0.001659
15.919766 0.006166
15.924768 0.009918
15.929769 0.012717
15.934771 0.014546
15.939772 0.015700
15.944774 0.016512
15.949775 0.017122
15.954777 0.017671
15.959778 0.018406
15.964780 0.019335
15.969781 0.020014
15.974783 0.019998
15.979784 0.019311
15.984786 0.018225
15.989787 0.016854
15.994789 0.015247
15.999790 0.013636
16.004792 0.012264
16.009793 0.011151
16.014795 0.010237
16.019796 0.009498
16.024798 0.008687
16.029799 0.007291
16.034801 0.005043
16.039802 0.002190
16.044804 -0.001025
16.049805 -0.004800
16.054807 -0.009308
16.059808 -0.014026
16.064810 -0.017867
16.069811 -0.019791
16.074813 -0.019117
16.079814 -0.015604
16.084816 -0.009653
16.089817 -0.002212
16.094819 0.005807
16.099820 0.013860
16.104822 0.021460
16.109823 0.027923
16.114825 0.032683
16.119826 0.035534
16.124828 0.036324
16.129829 0.034734
16.134831 0.030738
16.139832 0.025114
16.144834 0.019190
16.149835 0.014112
16.154837 0.010493
16.159838 0.008559
16.164840 0.008374
16.169841 0.009968
16.174843 0.013334
16.179844 0.018144
16.184846 0.023352
16.189847 0.027338
16.194849 0.028726
16.199850 0.027063
16.204852 0.022691
16.209853 0.016224
16.214855 0.008319
16.219856 -0.000384
16.224858 -0.009423
16.229859 -0.018486
16.234861 -0.026970
16.239862 -0.033770
16.244864 -0.037822
16.249865 -0.038776
16.254867 -0.036982
16.259868 -0.033097
16.264870 -0.028001
16.269871 -0.022872
16.274873 -0.018862
16.279874 -0.016706
16.284876 -0.016768
16.289877 -0.019193
16.294879 -0.023615
16.299880 -0.028911
16.304882 -0.033646
16.309883 -0.036715
16.314885 -0.037432
16.319886 -0.035357
16.324888 -0.030452
16.329889 -0.023227
16.334891 -0.014465
16.339892 -0.004945
16.344894 0.004451
16.349895 0.012692
16.354897 0.018987
16.359898 0.023052
16.364900 0.024903
16.369901 0.024743
16.374903 0.023227
16.379904 0.021397
16.384906 0.019960
16.389907 0.018823
16.394909 0.017589
16.399910 0.016277
16.404912 0.015253
16.409913 0.014737
16.414915 0.014707
16.419916 0.015059
16.424918 0.015436
16.429919 0.015058
16.434921 0.013143
16.439922 0.009513
16.444924 0.004589
16.449925 -0.001055
16.454927 -0.006877
16.459928 -0.012306
16.464930 -0.016868
16.469931 -0.020400
16.474933 -0.022996
16.479934 -0.024889
16.484936 -0.026457
16.489937 -0.028025
16.494939 -0.029427
16.499940 -0.030057
16.504942 -0.029609
16.509943 -0.028474
16.514945 -0.027131
16.519946 -0.025530
16.524948 -0.023454
16.529949 -0.021212
16.534951 -0.019489
16.539952 -0.018671
16.544954 -0.018572
16.549955 -0.018587
16.554957 -0.017802
16.559958 -0.015251
16.564960 -0.010536
16.569961 -0.004162
16.574963 0.002974
16.579964 0.010266
16.584966 0.017375
16.589967 0.023844
16.594969 0.029154
16.599970 0.033054
16.604972 0.035568
16.609973 0.036841
16.614975 0.037217
16.619976 0.037228
16.624978 0.037145
16.629979 0.036727
16.634981 0.035633
16.639982 0.033899
16.644984 0.031816
16.649985 0.029582
16.654987 0.027216
16.659988 0.024518
16.664990 0.020929
16.669991 0.015890
16.674993 0.009763
16.679994 0.004126
16.684996 0.000622
16.689997 -0.000508
16.694999 -0.000395
16.700000 -0.000160
