0.000000 0.000000
0.005001 0.000234
0.010002 0.000026
0.015003 -0.000098
0.020004 0.000038
0.025005 0.000073
0.030006 -0.000134
0.035007 -0.000088
0.040008 0.000093
0.045009 0.000133
0.050010 -0.000042
0.055011 -0.000136
0.060012 0.000081
0.065013 0.000077
0.070014 -0.000075
0.075015 -0.000075
0.080016 0.000097
0.085017 0.000110
0.090018 -0.000173
0.095019 -0.000189
0.100020 0.000149
0.105021 0.000064
0.110022 -0.000150
0.115023 -0.000085
0.120024 0.000087
0.125025 0.000197
0.130026 -0.000079
0.135027 -0.000008
0.140028 0.000168
0.145029 -0.000067
0.150030 -0.000124
0.155031 -0.000052
0.160032 0.000141
0.165033 0.000172
0.170034 -0.000019
0.175035 -0.000043
0.180036 0.000022
0.185037 0.000107
0.190038 0.000052
0.195039 -0.000082
0.200040 0.000155
0.205041 0.000181
0.210042 -0.000118
0.215043 -0.000076
0.220044 0.000044
0.225045 0.000126
0.230046 0.000042
0.235047 -0.000027
0.240048 0.000152
0.245049 0.000132
0.250050 -0.000079
0.255051 -0.000079
0.260052 0.000197
0.265053 0.000204
0.270054 -0.000065
0.275055 -0.000118
0.280056 -0.000024
0.285057 0.000093
0.290058 0.000061
0.295059 -0.000053
0.300060 0.000076
0.305061 0.000070
0.310062 -0.000105
0.315063 -0.000034
0.320064 0.000164
0.325065 0.000116
0.330066 -0.000075
0.335067 -0.000027
0.340068 0.000111
0.345069 0.000187
0.350070 0.000016
0.355071 -0.000021
0.360072 0.000161
0.365073 0.000090
0.370074 -0.000079
0.375075 -0.000251
0.380076 -0.000034
0.385077 0.000100
0.390078 -0.000163
0.395079 -0.000005
0.400080 0.000109
0.405081 -0.000022
0.410082 -0.000124
0.415083 -0.000131
0.420084 0.000027
0.425085 0.000128
0.430086 0.000002
0.435087 -0.000121
0.440088 0.000193
0.445089 0.000243
0.450090 -0.000254
0.455091 -0.000210
0.460092 0.000246
0.465093 0.000163
0.470093 -0.000099
0.475094 -0.000076
0.480095 0.000073
0.485096 0.000157
0.490097 -0.000155
0.495098 -0.000308
0.500099 0.000066
0.505100 0.000128
0.510101 -0.000014
0.515102 0.000044
0.520103 0.000066
0.525104 0.000004
0.530105 -0.000171
0.535106 -0.000183
0.540107 0.000109
0.545108 0.000154
0.550109 -0.000149
0.555110 -0.000080
0.560111 0.000063
0.565112 0.000086
0.570113 -0.000059
0.575114 -0.000147
0.580115 0.000187
0.585116 0.000050
0.590117 -0.000028
0.595118 0.000060
0.600119 0.000017
0.605120 0.000115
0.610121 -0.000044
0.615122 -0.000132
0.620123 -0.000017
0.625124 -0.000045
0.630125 -0.000194
0.635126 -0.000100
0.640127 0.000076
0.645128 0.000063
0.650129 -0.000090
0.655130 -0.000032
0.660131 0.000088
0.665132 0.000049
0.670133 -0.000009
0.675134 -0.000129
0.680135 -0.000023
0.685136 0.000023
0.690137 -0.000100
0.695138 -0.000042
0.700139 0.000027
0.705140 0.000095
0.710141 -0.000083
0.715142 -0.000148
0.720143 0.000131
0.725144 0.000134
0.730145 0.000028
0.735146 0.000009
0.740147 0.000122
0.745148 0.000203
0.750149 0.000053
0.755150 -0.000062
0.760151 0.000052
0.765152 0.000134
0.770153 -0.000132
0.775154 -0.000122
0.780155 0.000071
0.785156 0.000043
0.790157 -0.000048
0.795158 -0.000064
0.800159 0.000160
0.805160 0.000140
0.810161 0.000004
0.815162 0.000053
0.820163 0.000209
0.825164 0.000231
0.830165 -0.000034
0.835166 0.000011
0.840167 0.000133
0.845168 0.000124
0.850169 0.000019
0.855170 -0.000044
0.860171 0.000117
0.865172 0.000108
0.870173 -0.000031
0.875174 0.000034
0.880175 0.000108
0.885176 -0.000017
0.890177 -0.000122
0.895178 -0.000077
0.900179 0.000078
0.905180 0.000094
0.910181 -0.000005
0.915182 -0.000054
0.920183 0.000117
0.925184 0.000156
0.930185 -0.000035
0.935186 -0.000015
0.940187 0.000042
0.945188 0.000045
0.950189 -0.000064
0.955190 -0.000082
0.960191 0.000005
0.965192 0.000092
0.970193 0.000060
0.975194 0.000036
0.980195 0.000162
0.985196 0.000153
0.990197 -0.000015
0.995198 -0.000068
1.000199 0.000025
1.005200 -0.000079
1.010201 -0.000101
1.015202 -0.000075
1.020203 -0.000001
1.025204 0.000156
1.030205 -0.000041
1.035206 -0.000106
1.040207 0.000062
1.045208 0.000020
1.050209 -0.000114
1.055210 0.000007
1.060211 0.000277
1.065212 0.000241
1.070213 -0.000090
1.075214 -0.000044
1.080215 0.000187
1.085216 0.000062
1.090217 -0.000006
1.095218 -0.000107
1.100219 0.000068
1.105220 0.000267
1.110221 -0.000032
1.115222 0.000010
1.120223 0.000172
1.125224 0.000149
1.130225 0.000092
1.135226 0.000036
1.140227 0.000132
1.145228 0.000069
1.150229 -0.000073
1.155230 0.000006
1.160231 0.000146
1.165232 0.000170
1.170233 -0.000022
1.175234 -0.000162
1.180235 0.000078
1.185236 0.000208
1.190237 0.000023
1.195238 -0.000064
1.200239 0.000038
1.205240 0.000104
1.210241 -0.000071
1.215242 -0.000095
1.220243 0.000199
1.225244 0.000127
1.230245 -0.000096
1.235246 0.000030
1.240247 0.000204
1.245248 0.000117
1.250249 -0.000121
1.255250 0.000051
1.260251 0.000328
1.265252 0.000165
1.270253 -0.000073
1.275254 0.000025
1.280255 0.000158
1.285256 -0.000028
1.290257 -0.000078
1.295258 -0.000118
1.300259 0.000006
1.305260 0.000058
1.310261 -0.000183
1.315262 -0.000192
1.320263 -0.000050
1.325264 0.000055
1.330265 -0.000143
1.335266 -0.000216
1.340267 0.000106
1.345268 0.000146
1.350269 -0.000048
1.355270 -0.000081
1.360271 0.000057
1.365272 0.000061
1.370273 0.000059
1.375274 0.000101
1.380275 0.000050
1.385276 0.000021
1.390277 -0.000154
1.395278 -0.000079
1.400278 0.000155
1.405279 0.000119
1.410280 0.000052
1.415281 -0.000153
1.420282 0.000058
1.425283 0.000178
1.430284 -0.000101
1.435285 -0.000020
1.440286 0.000139
1.445287 0.000221
1.450288 -0.000020
1.455289 -0.000099
1.460290 0.000168
1.465291 0.000132
1.470292 -0.000037
1.475293 -0.000176
1.480294 -0.000041
1.485295 0.000113
1.490296 -0.000068
1.495297 -0.000043
1.500298 0.000139
1.505299 0.000077
1.510300 -0.000154
1.515301 -0.000141
1.520302 0.000174
1.525303 0.000043
1.530304 -0.000154
1.535305 -0.000092
1.540306 0.000050
1.545307 0.000146
1.550308 -0.000042
1.555309 -0.000147
1.560310 -0.000077
1.565311 0.000054
1.570312 -0.000118
1.575313 -0.000167
1.580314 0.000161
1.585315 0.000073
1.590316 -0.000147
1.595317 -0.000053
1.600318 0.000154
1.605319 0.000109
1.610320 -0.000072
1.615321 -0.000023
1.620322 0.000112
1.625323 0.000177
1.630324 -0.000024
1.635325 -0.000151
1.640326 0.000053
1.645327 0.000017
1.650328 -0.000060
1.655329 -0.000014
1.660330 0.000040
1.665331 0.000104
1.670332 -0.000099
1.675333 -0.000076
1.680334 0.000062
1.685335 -0.000051
1.690336 -0.000049
1.695337 -0.000102
1.700338 0.000054
1.705339 0.000120
1.710340 -0.000124
1.715341 -0.000145
1.720342 -0.000104
1.725343 -0.000003
1.730344 -0.000184
1.735345 -0.000151
1.740346 0.000160
1.745347 0.000001
1.750348 -0.000138
1.755349 -0.000203
1.760350 0.000034
1.765351 0.000069
1.770352 -0.000118
1.775353 0.000039
1.780354 0.000167
1.785355 0.000154
1.790356 -0.000089
1.795357 -0.000053
1.800358 0.000141
1.805359 -0.000182
1.810360 -0.000282
1.815361 -0.000034
1.820362 0.000075
1.825363 0.000115
1.830364 -0.000064
1.835365 -0.000146
1.840366 0.000034
1.845367 0.000116
1.850368 -0.000079
1.855369 -0.000093
1.860370 0.000144
1.865371 0.000050
1.870372 0.000002
1.875373 0.000005
1.880374 0.000083
1.885375 0.000131
1.890376 -0.000096
1.895377 -0.000103
1.900378 -0.000005
1.905379 0.000044
1.910380 -0.000074
1.915381 -0.000168
1.920382 0.000144
1.925383 0.000047
1.930384 -0.000145
1.935385 -0.000032
1.940386 -0.000072
1.945387 0.000131
1.950388 -0.000054
1.955389 -0.000102
1.960390 0.000177
1.965391 0.000076
1.970392 0.000050
1.975393 0.000026
1.980394 0.000183
1.985395 0.000085
1.990396 -0.000089
1.995397 0.000015
2.000398 0.000001
2.005399 0.000011
2.010400 -0.000118
2.015401 -0.000031
2.020402 0.000170
2.025403 0.000007
2.030404 -0.000143
2.035405 -0.000015
2.040406 0.000123
2.045407 0.000104
2.050408 -0.000060
2.055409 -0.000041
2.060410 0.000199
2.065411 0.000157
2.070412 0.000090
2.075413 0.000107
2.080414 0.000163
2.085415 0.000131
2.090416 -0.000181
2.095417 -0.000116
2.100418 0.000071
2.105419 -0.000075
2.110420 -0.000194
2.115421 -0.000341
2.120422 -0.000134
2.125423 0.000007
2.130424 -0.000246
2.135425 -0.000074
2.140426 0.000277
2.145427 0.000258
2.150428 0.000040
2.155429 0.000099
2.160430 0.000193
2.165431 0.000095
2.170432 -0.000031
2.175433 -0.000123
2.180434 0.000058
2.185435 -0.000032
2.190436 -0.000193
2.195437 -0.000100
2.200438 -0.000062
2.205439 0.000066
2.210440 -0.000005
2.215441 0.000053
2.220442 0.000235
2.225443 0.000147
2.230444 0.000054
2.235445 -0.000039
2.240446 0.000134
2.245447 0.000179
2.250448 -0.000035
2.255449 0.000076
2.260450 0.000097
2.265451 -0.000118
2.270452 -0.000309
2.275453 -0.000247
2.280454 -0.000026
2.285455 0.000107
2.290456 -0.000029
2.295457 -0.000143
2.300458 0.000169
2.305459 0.000326
2.310460 0.000152
2.315461 0.000053
2.320462 0.000215
2.325463 0.000124
2.330463 -0.000084
2.335464 -0.000142
2.340465 -0.000157
2.345466 -0.000095
2.350467 -0.000205
2.355468 -0.000194
2.360469 -0.000061
2.365470 0.000014
2.370471 -0.000025
2.375472 -0.000035
2.380473 0.000134
2.385474 0.000250
2.390475 0.000060
2.395476 -0.000175
2.400477 0.000002
2.405478 -0.000030
2.410479 -0.000257
2.415480 -0.000303
2.420481 -0.000207
2.425482 -0.000176
2.430483 -0.000319
2.435484 -0.000133
2.440485 0.000104
2.445486 0.000130
2.450487 0.000079
2.455488 0.000046
2.460489 0.000172
2.465490 0.000235
2.470491 0.000085
2.475492 -0.000023
2.480493 0.000054
2.485494 -0.000030
2.490495 -0.000274
2.495496 -0.000283
2.500497 -0.000004
2.505498 -0.000072
2.510499 -0.000260
2.515500 0.000003
2.520501 0.000204
2.525502 0.000174
2.530503 -0.000007
2.535504 0.000039
2.540505 0.000200
2.545506 -0.000008
2.550507 -0.000133
2.555508 0.000003
2.560509 0.000067
2.565510 -0.000080
2.570511 -0.000284
2.575512 -0.000289
2.580513 -0.000079
2.585514 -0.000135
2.590515 -0.000304
2.595516 -0.000102
2.600517 0.000025
2.605518 0.000077
2.610519 0.000146
2.615520 0.000127
2.620521 0.000291
2.625522 0.000236
2.630523 -0.000036
2.635524 -0.000032
2.640525 -0.000010
2.645526 -0.000024
2.650527 -0.000118
2.655528 -0.000199
2.660529 -0.000061
2.665530 -0.000132
2.670531 -0.000244
2.675532 -0.000052
2.680533 0.000152
2.685534 0.000235
2.690535 0.000096
2.695536 -0.000001
2.700537 0.000142
2.705538 0.000097
2.710539 -0.000043
2.715540 -0.000255
2.720541 -0.000194
2.725542 -0.000041
2.730543 -0.000228
2.735544 -0.000186
2.740545 0.000021
2.745546 0.000126
2.750547 -0.000002
2.755548 -0.000029
2.760549 0.000067
2.765550 0.000097
2.770551 -0.000062
2.775552 -0.000141
2.780553 0.000087
2.785554 0.000067
2.790555 -0.000075
2.795556 -0.000175
2.800557 0.000022
2.805558 -0.000017
2.810559 -0.000355
2.815560 -0.000190
2.820561 0.000057
2.825562 0.000125
2.830563 -0.000131
2.835564 -0.000069
2.840565 0.000122
2.845566 0.000054
2.850567 -0.000050
2.855568 -0.000125
2.860569 0.000141
2.865570 0.000037
2.870571 -0.000264
2.875572 -0.000170
2.880573 -0.000009
2.885574 -0.000021
2.890575 -0.000123
2.895576 0.000068
2.900577 0.000184
2.905578 0.000021
2.910579 -0.000082
2.915580 -0.000122
2.920581 0.000145
2.925582 0.000181
2.930583 -0.000089
2.935584 0.000068
2.940585 -0.000002
2.945586 -0.000037
2.950587 -0.000029
2.955588 -0.000239
2.960589 0.000011
2.965590 0.000035
2.970591 -0.000118
2.975592 -0.000021
2.980593 0.000165
2.985594 0.000141
2.990595 -0.000148
2.995596 -0.000157
3.000597 -0.000061
3.005598 0.000047
3.010599 -0.000160
3.015600 -0.000220
3.020601 0.000023
3.025602 0.000025
3.030603 -0.000076
3.035604 -0.000168
3.040605 0.000069
3.045606 0.000190
3.050607 -0.000069
3.055608 -0.000031
3.060609 0.000151
3.065610 -0.000051
3.070611 -0.000183
3.075612 -0.000161
3.080613 -0.000130
3.085614 -0.000005
3.090615 -0.000027
3.095616 -0.000041
3.100617 0.000026
3.105618 0.000086
3.110619 -0.000151
3.115620 -0.000041
3.120621 0.000212
3.125622 -0.000106
3.130623 -0.000040
3.135624 -0.000050
3.140625 -0.000172
3.145626 0.000060
3.150627 -0.000103
3.155628 -0.000102
3.160629 0.000089
3.165630 0.000044
3.170631 0.000045
3.175632 0.000018
3.180633 0.000076
3.185634 0.000030
3.190635 -0.000047
3.195636 0.000035
3.200637 0.000118
3.205638 0.000001
3.210639 -0.000230
3.215640 -0.000001
3.220641 0.000127
3.225642 0.000026
3.230643 -0.000034
3.235644 -0.000086
3.240645 0.000108
3.245646 -0.000025
3.250647 -0.000244
3.255648 -0.000053
3.260648 0.000108
3.265649 0.000072
3.270650 -0.000102
3.275651 -0.000064
3.280652 0.000209
3.285653 0.000128
3.290654 -0.000142
3.295655 -0.000005
3.300656 0.000088
3.305657 0.000021
3.310658 -0.000156
3.315659 -0.000243
3.320660 0.000014
3.325661 0.000069
3.330662 -0.000099
3.335663 -0.000200
3.340664 0.000087
3.345665 0.000170
3.350666 -0.000063
3.355667 0.000170
3.360668 0.000238
3.365669 0.000101
3.370670 0.000004
3.375671 0.000001
3.380672 0.000117
3.385673 0.000069
3.390674 -0.000050
3.395675 -0.000017
3.400676 0.000252
3.405677 0.000219
3.410678 -0.000089
3.415679 -0.000080
3.420680 0.000084
3.425681 -0.000028
3.430682 -0.000263
3.435683 -0.000162
3.440684 0.000036
3.445685 0.000032
3.450686 -0.000056
3.455687 -0.000066
3.460688 0.000003
3.465689 0.000026
3.470690 -0.000071
3.475691 -0.000094
3.480692 0.000101
3.485693 0.000160
3.490694 -0.000080
3.495695 -0.000044
3.500696 0.000056
3.505697 -0.000058
3.510698 0.000012
3.515699 -0.000054
3.520700 0.000059
3.525701 0.000179
3.530702 -0.000130
3.535703 -0.000119
3.540704 0.000081
3.545705 0.000022
3.550706 -0.000087
3.555707 -0.000106
3.560708 0.000049
3.565709 0.000059
3.570710 -0.000159
3.575711 -0.000143
3.580712 0.000130
3.585713 0.000124
3.590714 -0.000214
3.595715 -0.000110
3.600716 0.000159
3.605717 0.000111
3.610718 -0.000031
3.615719 -0.000031
3.620720 0.000114
3.625721 0.000023
3.630722 -0.000006
3.635723 0.000000
3.640724 -0.000000
3.645725 0.000087
3.650726 -0.000038
3.655727 0.000012
3.660728 0.000225
3.665729 0.000071
3.670730 -0.000038
3.675731 0.000122
3.680732 0.000152
3.685733 0.000078
3.690734 -0.000129
3.695735 -0.000114
3.700736 0.000088
3.705737 0.000078
3.710738 0.000004
3.715739 0.000007
3.720740 0.000077
3.725741 0.000048
3.730742 -0.000022
3.735743 -0.000051
3.740744 0.000054
3.745745 0.000019
3.750746 -0.000198
3.755747 -0.000169
3.760748 0.000032
3.765749 0.000130
3.770750 -0.000068
3.775751 -0.000062
3.780752 0.000071
3.785753 -0.000007
3.790754 -0.000087
3.795755 -0.000091
3.800756 0.000077
3.805757 0.000143
3.810758 0.000079
3.815759 -0.000010
3.820760 0.000066
3.825761 0.000256
3.830762 -0.000043
3.835763 -0.000088
3.840764 0.000058
3.845765 -0.000017
3.850766 -0.000003
3.855767 -0.000075
3.860768 0.000182
3.865769 0.000250
3.870770 -0.000108
3.875771 -0.000133
3.880772 0.000002
3.885773 0.000006
3.890774 -0.000133
3.895775 -0.000157
3.900776 -0.000014
3.905777 -0.000037
3.910778 -0.000065
3.915779 -0.000019
3.920780 0.000028
3.925781 -0.000024
3.930782 -0.000131
3.935783 -0.000036
3.940784 0.000185
3.945785 0.000179
3.950786 -0.000091
3.955787 -0.000095
3.960788 0.000141
3.965789 0.000135
3.970790 -0.000097
3.975791 -0.000133
3.980792 0.000132
3.985793 0.000155
3.990794 -0.000053
3.995795 -0.000056
4.000796 0.000067
4.005797 0.000097
4.010798 -0.000052
4.015799 -0.000049
4.020800 0.000230
4.025801 0.000233
4.030802 -0.000101
4.035803 -0.000128
4.040804 0.000071
4.045805 0.000074
4.050806 -0.000043
4.055807 -0.000030
4.060808 0.000158
4.065809 0.000090
4.070810 -0.000010
4.075811 0.000032
4.080812 0.000086
4.085813 0.000191
4.090814 -0.000056
4.095815 -0.000096
4.100816 0.000168
4.105817 0.000045
4.110818 0.000014
4.115819 -0.000017
4.120820 0.000034
4.125821 0.000100
4.130822 -0.000069
4.135823 -0.000026
4.140824 -0.000011
4.145825 -0.000070
4.150826 -0.000121
4.155827 -0.000056
4.160828 0.000123
4.165829 0.000100
4.170830 -0.000062
4.175831 0.000008
4.180832 0.000047
4.185833 -0.000077
4.190833 -0.000050
4.195834 0.000003
4.200835 0.000141
4.205836 0.000064
4.210837 -0.000092
4.215838 0.000002
4.220839 0.000142
4.225840 0.000051
4.230841 -0.000146
4.235842 -0.000095
4.240843 0.000051
4.245844 0.000083
4.250845 -0.000134
4.255846 -0.000075
4.260847 0.000103
4.265848 0.000027
4.270849 -0.000075
4.275850 -0.000007
4.280851 0.000099
4.285852 -0.000093
4.290853 -0.000167
4.295854 -0.000040
4.300855 0.000086
4.305856 0.000067
4.310857 -0.000147
4.315858 -0.000232
4.320859 0.000003
4.325860 0.000203
4.330861 0.000009
4.335862 -0.000014
4.340863 0.000112
4.345864 0.000060
4.350865 -0.000053
4.355866 -0.000138
4.360867 -0.000094
4.365868 0.000069
4.370869 -0.000059
4.375870 -0.000203
4.380871 0.000128
4.385872 0.000173
4.390873 -0.000066
4.395874 -0.000139
4.400875 0.000004
4.405876 0.000158
4.410877 -0.000085
4.415878 -0.000178
4.420879 0.000082
4.425880 0.000112
4.430881 -0.000063
4.435882 -0.000129
4.440883 0.000154
4.445884 0.000122
4.450885 -0.000232
4.455886 -0.000147
4.460887 0.000012
4.465888 0.000066
4.470889 0.000024
4.475890 -0.000076
4.480891 0.000046
4.485892 0.000093
4.490893 -0.000099
4.495894 -0.000050
4.500895 0.000268
4.505896 0.000254
4.510897 0.000008
4.515898 0.000037
4.520899 0.000075
4.525900 -0.000012
4.530901 -0.000011
4.535902 -0.000044
4.540903 0.000151
4.545904 0.000183
4.550905 -0.000125
4.555906 -0.000138
4.560907 0.000023
4.565908 0.000063
4.570909 -0.000037
4.575910 -0.000139
4.580911 0.000073
4.585912 0.000173
4.590913 -0.000162
4.595914 -0.000096
4.600915 0.000040
4.605916 -0.000009
4.610917 -0.000002
4.615918 -0.000008
4.620919 0.000092
4.625920 -0.000045
4.630921 -0.000086
4.635922 -0.000015
4.640923 0.000097
4.645924 0.000200
4.650925 -0.000037
4.655926 -0.000130
4.660927 -0.000010
4.665928 0.000059
4.670929 -0.000054
4.675930 -0.000022
4.680931 0.000115
4.685932 0.000083
4.690933 -0.000109
4.695934 -0.000129
4.700935 0.000127
4.705936 0.000040
4.710937 -0.000109
4.715938 -0.000060
4.720939 0.000049
4.725940 0.000095
4.730941 -0.000037
4.735942 -0.000070
4.740943 0.000133
4.745944 0.000075
4.750945 -0.000022
4.755946 0.000108
4.760947 0.000055
4.765948 0.000131
4.770949 -0.000061
4.775950 -0.000104
4.780951 0.000091
4.785952 0.000013
4.790953 0.000021
4.795954 -0.000025
4.800955 0.000225
4.805956 0.000104
4.810957 -0.000028
4.815958 0.000364
4.820959 0.000359
4.825960 0.000186
4.830961 -0.000090
4.835962 -0.000322
4.840963 -0.000181
4.845964 -0.000010
4.850965 0.000059
4.855966 0.000427
4.860967 0.000688
4.865968 0.000355
4.870969 -0.000224
4.875970 -0.000650
4.880971 -0.000638
4.885972 -0.000510
4.890973 -0.000230
4.895974 0.000322
4.900975 0.000709
4.905976 0.000565
4.910977 0.000275
4.915978 0.000252
4.920979 0.000232
4.925980 0.000256
4.930981 0.000191
4.935982 0.000062
4.940983 0.000062
4.945984 -0.000067
4.950985 -0.000177
4.955986 0.000416
4.960987 0.001288
4.965988 0.001626
4.970989 0.001645
4.975990 0.001470
4.980991 0.001585
4.985992 0.001900
4.990993 0.001951
4.995994 0.002393
5.000995 0.002818
5.005996 0.002230
5.010997 0.001322
5.015998 0.000928
5.020999 0.000499
5.026000 -0.000670
5.031001 -0.002928
5.036002 -0.005674
5.041003 -0.007869
5.046004 -0.008633
5.051005 -0.007971
5.056006 -0.006081
5.061007 -0.002697
5.066008 0.000366
5.071009 0.002480
5.076010 0.002853
5.081011 0.002319
5.086012 0.003161
5.091013 0.004547
5.096014 0.006908
5.101015 0.009714
5.106016 0.010995
5.111017 0.010640
5.116018 0.009628
5.121019 0.007843
5.126019 0.006115
5.131020 0.004128
5.136021 0.001005
5.141022 -0.002142
5.146023 -0.006184
5.151024 -0.010495
5.156025 -0.013902
5.161026 -0.014545
5.166027 -0.013715
5.171028 -0.011119
5.176029 -0.004536
5.181030 -0.002539
5.186031 -0.006180
5.191032 -0.007829
5.196033 -0.007109
5.201034 -0.004856
5.206035 -0.000622
5.211036 0.004402
5.216037 0.009591
5.221038 0.013797
5.226039 0.013380
5.231040 0.009544
5.236041 0.005763
5.241042 0.004326
5.246043 0.006312
5.251044 0.008766
5.256045 0.009030
5.261046 0.006976
5.266047 0.005634
5.271048 0.005192
5.276049 0.004820
5.281050 0.004710
5.286051 -0.000190
5.291052 -0.008291
5.296053 -0.013443
5.301054 -0.015682
5.306055 -0.014971
5.311056 -0.012321
5.316057 -0.009664
5.321058 -0.005772
5.326059 -0.000639
5.331060 0.002009
5.336061 0.001037
5.341062 -0.000172
5.346063 -0.001381
5.351064 -0.003412
5.356065 -0.005548
5.361066 -0.008036
5.366067 -0.008054
5.371068 -0.002997
5.376069 0.004981
5.381070 0.013083
5.386071 0.018217
5.391072 0.016361
5.396073 0.010016
5.401074 0.004088
5.406075 -0.001524
5.411076 -0.005532
5.416077 -0.004629
5.421078 0.001841
5.426079 0.009708
5.431080 0.015225
5.436081 0.015173
5.441082 0.010466
5.446083 0.007971
5.451084 0.005717
5.456085 0.000893
5.461086 -0.006005
5.466087 -0.017050
5.471088 -0.026413
5.476089 -0.026352
5.481090 -0.020694
5.486091 -0.015159
5.491092 -0.009640
5.496093 -0.006414
5.501094 -0.006459
5.506095 -0.005654
5.511096 -0.003238
5.516097 -0.001070
5.521098 0.002220
5.526099 0.007222
5.531100 0.011466
5.536101 0.013846
5.541102 0.013589
5.546103 0.012746
5.551104 0.014784
5.556105 0.016452
5.561106 0.015537
5.566107 0.011434
5.571108 0.002644
5.576109 -0.005068
5.581110 -0.007020
5.586111 -0.005709
5.591112 -0.003892
5.596113 -0.000341
5.601114 0.004870
5.606115 0.007286
5.611116 0.005768
5.616117 0.000530
5.621118 -0.006593
5.626119 -0.010521
5.631120 -0.011567
5.636121 -0.013756
5.641122 -0.014804
5.646123 -0.012549
5.651124 -0.009676
5.656125 -0.005619
5.661126 -0.002617
5.666127 -0.002869
5.671128 -0.003626
5.676129 -0.004471
5.681130 -0.002583
5.686131 0.003461
5.691132 0.008870
5.696133 0.011572
5.701134 0.013763
5.706135 0.017050
5.711136 0.020898
5.716137 0.022423
5.721138 0.018744
5.726139 0.013500
5.731140 0.011447
5.736141 0.009751
5.741142 0.005198
5.746143 -0.000582
5.751144 -0.004777
5.756145 -0.006475
5.761146 -0.004223
5.766147 0.000853
5.771148 0.001752
5.776149 -0.003405
5.781150 -0.010007
5.786151 -0.014669
5.791152 -0.017885
5.796153 -0.021357
5.801154 -0.022613
5.806155 -0.020660
5.811156 -0.015394
5.816157 -0.007228
5.821158 -0.001492
5.826159 0.000833
5.831160 0.002301
5.836161 0.003752
5.841162 0.005480
5.846163 0.007058
5.851164 0.009558
5.856165 0.014953
5.861166 0.020947
5.866167 0.023263
5.871168 0.021020
5.876169 0.017934
5.881170 0.020124
5.886171 0.023592
5.891172 0.021879
5.896173 0.014775
5.901174 0.001612
5.906175 -0.013165
5.911176 -0.022692
5.916177 -0.024233
5.921178 -0.021177
5.926179 -0.017484
5.931180 -0.013807
5.936181 -0.010217
5.941182 -0.005520
5.946183 -0.002062
5.951184 -0.004880
5.956185 -0.012358
5.961186 -0.016395
5.966187 -0.015689
5.971188 -0.013412
5.976189 -0.013828
5.981190 -0.014386
5.986191 -0.004581
5.991192 0.010549
5.996193 0.024083
6.001194 0.033138
6.006195 0.032990
6.011196 0.027100
6.016197 0.018509
6.021198 0.007418
6.026199 -0.004412
6.031200 -0.013793
6.036201 -0.014906
6.041202 -0.003800
6.046203 0.011785
6.051204 0.021500
6.056204 0.026104
6.061205 0.029962
6.066206 0.028743
6.071207 0.020326
6.076208 0.008427
6.081209 -0.010370
6.086210 -0.031314
6.091211 -0.043341
6.096212 -0.043653
6.101213 -0.036587
6.106214 -0.028253
6.111215 -0.017545
6.116216 -0.005807
6.121217 0.004264
6.126218 0.013368
6.131219 0.016368
6.136220 0.010509
6.141221 0.002988
6.146222 0.001177
6.151223 0.005833
6.156224 0.010919
6.161225 0.013069
6.166226 0.017432
6.171227 0.023862
6.176228 0.026654
6.181229 0.022081
6.186230 0.010835
6.191231 -0.001169
6.196232 -0.010922
6.201233 -0.017999
6.206234 -0.020323
6.211235 -0.015672
6.216236 -0.005648
6.221237 0.004532
6.226238 0.014113
6.231239 0.021820
6.236240 0.023148
6.241241 0.019282
6.246242 0.012833
6.251243 0.004248
6.256244 -0.006153
6.261245 -0.019397
6.266246 -0.033986
6.271247 -0.043788
6.276248 -0.045269
6.281249 -0.039882
6.286250 -0.030115
6.291251 -0.017829
6.296252 -0.004590
6.301253 0.005357
6.306254 0.009926
6.311255 0.012298
6.316256 0.015576
6.321257 0.017782
6.326258 0.016248
6.331259 0.015203
6.336260 0.017085
6.341261 0.020560
6.346262 0.024709
6.351263 0.027673
6.356264 0.025962
6.361265 0.017136
6.366266 0.006593
6.371267 0.002678
6.376268 0.006509
6.381269 0.012742
6.386270 0.018790
6.391271 0.022423
6.396272 0.023672
6.401273 0.026897
6.406274 0.028487
6.411275 0.024064
6.416276 0.013903
6.421277 -0.000758
6.426278 -0.017354
6.431279 -0.034751
6.436280 -0.049479
6.441281 -0.058310
6.446282 -0.062386
6.451283 -0.060153
6.456284 -0.047416
6.461285 -0.027973
6.466286 -0.013439
6.471287 -0.007663
6.476288 -0.002512
6.481289 0.007118
6.486290 0.016893
6.491291 0.021488
6.496292 0.023219
6.501293 0.028550
6.506294 0.035500
6.511295 0.038089
6.516296 0.033199
6.521297 0.020738
6.526298 0.005825
6.531299 -0.006298
6.536300 -0.012826
6.541301 -0.016293
6.546302 -0.018034
6.551303 -0.015008
6.556304 -0.007538
6.561305 0.003930
6.566306 0.016557
6.571307 0.025090
6.576308 0.027738
6.581309 0.025057
6.586310 0.018422
6.591311 0.010675
6.596312 0.003817
6.601313 -0.004350
6.606314 -0.014545
6.611315 -0.026764
6.616316 -0.042098
6.621317 -0.056020
6.626318 -0.058458
6.631319 -0.046134
6.636320 -0.029691
6.641321 -0.017469
6.646322 -0.007231
6.651323 0.007103
6.656324 0.026224
6.661325 0.041090
6.666326 0.044792
6.671327 0.037515
6.676328 0.027383
6.681329 0.025885
6.686330 0.035212
6.691331 0.046899
6.696332 0.048259
6.701333 0.035952
6.706334 0.018208
6.711335 0.004277
6.716336 -0.002364
6.721337 -0.004672
6.726338 -0.004706
6.731339 -0.004560
6.736340 -0.006480
6.741341 -0.009819
6.746342 -0.012916
6.751343 -0.014436
6.756344 -0.016587
6.761345 -0.020841
6.766346 -0.025094
6.771347 -0.025352
6.776348 -0.016700
6.781349 -0.001776
6.786350 0.011710
6.791351 0.016724
6.796352 0.009535
6.801353 -0.004739
6.806354 -0.020324
6.811355 -0.033356
6.816356 -0.042171
6.821357 -0.048171
6.826358 -0.048394
6.831359 -0.038578
6.836360 -0.017526
6.841361 0.011627
6.846362 0.040641
6.851363 0.061769
6.856364 0.073937
6.861365 0.078708
6.866366 0.075018
6.871367 0.062120
6.876368 0.042226
6.881369 0.018912
6.886370 -0.003616
6.891371 -0.020583
6.896372 -0.028494
6.901373 -0.025670
6.906374 -0.015410
6.911375 -0.003684
6.916376 0.006743
6.921377 0.014253
6.926378 0.017715
6.931379 0.017801
6.936380 0.017443
6.941381 0.017076
6.946382 0.015055
6.951383 0.011866
6.956384 0.007055
6.961385 0.001717
6.966386 -0.000166
6.971387 0.003036
6.976388 0.008912
6.981389 0.013516
6.986389 0.012493
6.991390 0.003027
6.996391 -0.012949
7.001392 -0.033084
7.006393 -0.052701
7.011394 -0.063496
7.016395 -0.061114
7.021396 -0.047278
7.026397 -0.031084
7.031398 -0.020868
7.036399 -0.018986
7.041400 -0.024846
7.046401 -0.034831
7.051402 -0.045957
7.056403 -0.053952
7.061404 -0.055473
7.066405 -0.051089
7.071406 -0.041648
7.076407 -0.029767
7.081408 -0.017147
7.086409 -0.004256
7.091410 0.006884
7.096411 0.016647
7.101412 0.024816
7.106413 0.028356
7.111414 0.024477
7.116415 0.012287
7.121416 -0.006888
7.126417 -0.032824
7.131418 -0.063698
7.136419 -0.097636
7.141420 -0.134510
7.146421 -0.172609
7.151422 -0.207435
7.156423 -0.237302
7.161424 -0.266240
7.166425 -0.293157
7.171426 -0.318994
7.176427 -0.340981
7.181428 -0.351948
7.186429 -0.351997
7.191430 -0.333347
7.196431 -0.287973
7.201432 -0.207390
7.206433 -0.085143
7.211434 0.066470
7.216435 0.223608
7.221436 0.362284
7.226437 0.465902
7.231438 0.518000
7.236439 0.516461
7.241440 0.468649
7.246441 0.377671
7.251442 0.264812
7.256443 0.154605
7.261444 0.062274
7.266445 -0.005031
7.271446 -0.044846
7.276447 -0.054995
7.281448 -0.038553
7.286449 0.004026
7.291450 0.061534
7.296451 0.115032
7.301452 0.150328
7.306453 0.159531
7.311454 0.147129
7.316455 0.114238
7.321456 0.061215
7.326457 -0.004994
7.331458 -0.073204
7.336459 -0.136056
7.341460 -0.184435
7.346461 -0.206909
7.351462 -0.211014
7.356463 -0.197428
7.361464 -0.167195
7.366465 -0.126616
7.371466 -0.073033
7.376467 -0.012977
7.381468 0.047982
7.386469 0.103210
7.391470 0.151386
7.396471 0.190545
7.401472 0.212716
7.406473 0.220809
7.411474 0.216064
7.416475 0.197231
7.421476 0.166200
7.426477 0.127697
7.431478 0.089461
7.436479 0.056031
7.441480 0.027974
7.446481 0.005986
7.451482 -0.006376
7.456483 -0.000944
7.461484 0.022199
7.466485 0.057400
7.471486 0.095840
7.476487 0.121701
7.481488 0.129960
7.486489 0.118628
7.491490 0.085682
7.496491 0.038868
7.501492 -0.013283
7.506493 -0.065899
7.511494 -0.112275
7.516495 -0.152657
7.521496 -0.186479
7.526497 -0.208712
7.531498 -0.219245
7.536499 -0.211186
7.541500 -0.187326
7.546501 -0.155285
7.551502 -0.117330
7.556503 -0.078764
7.561504 -0.042680
7.566505 -0.014113
7.571506 0.004309
7.576507 0.009495
7.581508 -0.001366
7.586509 -0.026798
7.591510 -0.060568
7.596511 -0.088024
7.601512 -0.099981
7.606513 -0.095188
7.611514 -0.072138
7.616515 -0.033306
7.621516 0.019021
7.626517 0.080904
7.631518 0.144092
7.636519 0.201129
7.641520 0.237335
7.646521 0.240953
7.651522 0.213019
7.656523 0.160465
7.661524 0.093500
7.666525 0.026270
7.671526 -0.029763
7.676527 -0.073507
7.681528 -0.104776
7.686529 -0.125324
7.691530 -0.137554
7.696531 -0.138652
7.701532 -0.127811
7.706533 -0.103568
7.711534 -0.068503
7.716535 -0.031253
7.721536 0.002653
7.726537 0.028067
7.731538 0.043110
7.736539 0.049989
7.741540 0.046831
7.746541 0.032736
7.751542 0.013578
7.756543 -0.000920
7.761544 -0.002544
7.766545 0.012634
7.771546 0.044386
7.776547 0.084200
7.781548 0.121741
7.786549 0.147542
7.791550 0.153725
7.796551 0.140788
7.801552 0.107353
7.806553 0.055403
7.811554 -0.006843
7.816555 -0.071836
7.821556 -0.128461
7.826557 -0.173216
7.831558 -0.206629
7.836559 -0.227474
7.841560 -0.236360
7.846561 -0.232739
7.851562 -0.217261
7.856563 -0.187368
7.861564 -0.145745
7.866565 -0.102539
7.871566 -0.070034
7.876567 -0.061211
7.881568 -0.076411
7.886569 -0.108729
7.891570 -0.141874
7.896571 -0.152970
7.901572 -0.127237
7.906573 -0.056991
7.911574 0.049269
7.916574 0.173134
7.921575 0.294952
7.926576 0.395186
7.931577 0.461798
7.936578 0.490393
7.941579 0.483590
7.946580 0.447167
7.951581 0.385996
7.956582 0.303902
7.961583 0.211259
7.966584 0.119320
7.971585 0.039498
7.976586 -0.017240
7.981587 -0.042969
7.986588 -0.033978
7.991589 -0.004663
7.996590 0.027807
8.001591 0.047804
8.006592 0.046759
8.011593 0.023992
8.016594 -0.020353
8.021595 -0.078989
8.026596 -0.143634
8.031597 -0.202122
8.036598 -0.252111
8.041599 -0.288823
8.046600 -0.298932
8.051601 -0.282088
8.056602 -0.239910
8.061603 -0.176545
8.066604 -0.106179
8.071605 -0.044136
8.076606 0.001150
8.081607 0.026079
8.086608 0.033753
8.091609 0.031469
8.096610 0.029177
8.101611 0.032457
8.106612 0.037311
8.111613 0.041150
8.116614 0.040151
8.121615 0.035350
8.126616 0.032803
8.131617 0.037538
8.136618 0.052695
8.141619 0.071051
8.146620 0.080629
8.151621 0.067920
8.156622 0.026061
8.161623 -0.033577
8.166624 -0.087492
8.171625 -0.108965
8.176626 -0.084814
8.181627 -0.028593
8.186628 0.030354
8.191629 0.065791
8.196630 0.065065
8.201631 0.029640
8.206632 -0.023685
8.211633 -0.071147
8.216634 -0.096352
8.221635 -0.094454
8.226636 -0.074721
8.231637 -0.050070
8.236638 -0.029256
8.241639 -0.018169
8.246640 -0.015784
8.251641 -0.015003
8.256642 -0.011247
8.261643 -0.002490
8.266644 0.010866
8.271645 0.021560
8.276646 0.025570
8.281647 0.023905
8.286648 0.019905
8.291649 0.017577
8.296650 0.019000
8.301651 0.024595
8.306652 0.031174
8.311653 0.035644
8.316654 0.034047
8.321655 0.023735
8.326656 0.006530
8.331657 -0.009466
8.336658 -0.020480
8.341659 -0.030159
8.346660 -0.034641
8.351661 -0.031333
8.356662 -0.018306
8.361663 0.005614
8.366664 0.036186
8.371665 0.066047
8.376666 0.084589
8.381667 0.085872
8.386668 0.067970
8.391669 0.037922
8.396670 0.005220
8.401671 -0.020774
8.406672 -0.031874
8.411673 -0.027684
8.416674 -0.010641
8.421675 0.008239
8.426676 0.020232
8.431677 0.021887
8.436678 0.012614
8.441679 -0.002660
8.446680 -0.020704
8.451681 -0.035255
8.456682 -0.042262
8.461683 -0.042269
8.466684 -0.037070
8.471685 -0.032447
8.476686 -0.034309
8.481687 -0.044511
8.486688 -0.057658
8.491689 -0.065938
8.496690 -0.063823
8.501691 -0.049940
8.506692 -0.026934
8.511693 -0.000233
8.516694 0.023637
8.521695 0.041522
8.526696 0.050547
8.531697 0.053362
8.536698 0.053767
8.541699 0.051723
8.546700 0.049062
8.551701 0.046013
8.556702 0.041286
8.561703 0.031075
8.566704 0.015882
8.571705 -0.000725
8.576706 -0.015974
8.581707 -0.024687
8.586708 -0.025329
8.591709 -0.019702
8.596710 -0.012335
8.601711 -0.007811
8.606712 -0.009216
8.611713 -0.016361
8.616714 -0.025161
8.621715 -0.033749
8.626716 -0.040448
8.631717 -0.043016
8.636718 -0.038175
8.641719 -0.023099
8.646720 0.000865
8.651721 0.030440
8.656722 0.057889
8.661723 0.074398
8.666724 0.075750
8.671725 0.063720
8.676726 0.046178
8.681727 0.028989
8.686728 0.014832
8.691729 0.003909
8.696730 -0.007082
8.701731 -0.020486
8.706732 -0.036783
8.711733 -0.052142
8.716734 -0.061286
8.721735 -0.062978
8.726736 -0.057072
8.731737 -0.045407
8.736738 -0.031713
8.741739 -0.018247
8.746740 -0.006214
8.751741 0.005820
8.756742 0.020648
8.761743 0.038197
8.766744 0.055712
8.771745 0.070111
8.776746 0.077957
8.781747 0.073564
8.786748 0.054152
8.791749 0.023852
8.796750 -0.011944
8.801751 -0.046026
8.806752 -0.070580
8.811753 -0.081014
8.816754 -0.074696
8.821755 -0.054581
8.826756 -0.027105
8.831757 -0.001515
8.836758 0.011707
8.841759 0.007768
8.846759 -0.013548
8.851760 -0.046351
8.856761 -0.079821
8.861762 -0.104368
8.866763 -0.114614
8.871764 -0.108836
8.876765 -0.090175
8.881766 -0.063968
8.886767 -0.033304
8.891768 -0.001972
8.896769 0.029840
8.901770 0.063013
8.906771 0.093388
8.911772 0.116279
8.916773 0.128682
8.921774 0.127967
8.926775 0.112643
8.931776 0.085497
8.936777 0.052988
8.941778 0.022305
8.946779 -0.000442
8.951780 -0.011656
8.956781 -0.013903
8.961782 -0.012549
8.966783 -0.011761
8.971784 -0.014919
8.976785 -0.022680
8.981786 -0.032146
8.986787 -0.038393
8.991788 -0.038375
8.996789 -0.032120
9.001790 -0.023954
9.006791 -0.016788
9.011792 -0.011395
9.016793 -0.010190
9.021794 -0.013762
9.026795 -0.022783
9.031796 -0.036106
9.036797 -0.049366
9.041798 -0.058237
9.046799 -0.058867
9.051800 -0.048641
9.056801 -0.027980
9.061802 -0.000349
9.066803 0.029081
9.071804 0.056292
9.076805 0.079855
9.081806 0.098694
9.086807 0.113276
9.091808 0.122408
9.096809 0.124579
9.101810 0.120013
9.106811 0.108013
9.111812 0.090138
9.116813 0.068863
9.121814 0.046299
9.126815 0.024887
9.131816 0.006860
9.136817 -0.009417
9.141818 -0.026652
9.146819 -0.044781
9.151820 -0.064513
9.156821 -0.083261
9.161822 -0.097455
9.166823 -0.106473
9.171824 -0.109125
9.176825 -0.105143
9.181826 -0.096918
9.186827 -0.087755
9.191828 -0.077863
9.196829 -0.066795
9.201830 -0.054381
9.206831 -0.038067
9.211832 -0.016527
9.216833 0.010709
9.221834 0.040782
9.226835 0.067387
9.231836 0.086810
9.236837 0.097122
9.241838 0.097703
9.246839 0.091600
9.251840 0.084197
9.256841 0.079295
9.261842 0.077253
9.266843 0.075338
9.271844 0.070142
9.276845 0.060026
9.281846 0.046221
9.286847 0.031296
9.291848 0.018453
9.296849 0.008927
9.301850 0.000373
9.306851 -0.009173
9.311852 -0.021420
9.316853 -0.036109
9.321854 -0.052011
9.326855 -0.068991
9.331856 -0.084393
9.336857 -0.097208
9.341858 -0.108543
9.346859 -0.116247
9.351860 -0.117899
9.356861 -0.113094
9.361862 -0.102081
9.366863 -0.085395
9.371864 -0.063976
9.376865 -0.038764
9.381866 -0.011448
9.386867 0.015102
9.391868 0.038967
9.396869 0.058540
9.401870 0.071655
9.406871 0.077938
9.411872 0.078712
9.416873 0.074655
9.421874 0.065310
9.426875 0.051754
9.431876 0.037868
9.436877 0.026995
9.441878 0.022017
9.446879 0.024189
9.451880 0.031667
9.456881 0.042668
9.461882 0.053227
9.466883 0.059662
9.471884 0.061246
9.476885 0.056206
9.481886 0.043511
9.486887 0.024874
9.491888 0.003419
9.496889 -0.019188
9.501890 -0.041493
9.506891 -0.060904
9.511892 -0.074826
9.516893 -0.080254
9.521894 -0.075342
9.526895 -0.059410
9.531896 -0.034344
9.536897 -0.003858
9.541898 0.025125
9.546899 0.044864
9.551900 0.052653
9.556901 0.047737
9.561902 0.031864
9.566903 0.008258
9.571904 -0.017847
9.576905 -0.041682
9.581906 -0.060057
9.586907 -0.069784
9.591908 -0.069362
9.596909 -0.056101
9.601910 -0.032295
9.606911 -0.001588
9.611912 0.033345
9.616913 0.066094
9.621914 0.090995
9.626915 0.101812
9.631916 0.095847
9.636917 0.073451
9.641918 0.038397
9.646919 -0.000325
9.651920 -0.035183
9.656921 -0.058209
9.661922 -0.067625
9.666923 -0.066553
9.671924 -0.059749
9.676925 -0.054190
9.681926 -0.052166
9.686927 -0.055112
9.691928 -0.060414
9.696929 -0.064735
9.701930 -0.064310
9.706931 -0.056743
9.711932 -0.045339
9.716933 -0.030811
9.721934 -0.016159
9.726935 -0.005154
9.731936 0.001606
9.736937 0.005710
9.741938 0.009617
9.746939 0.014210
9.751940 0.019845
9.756941 0.025264
9.761942 0.029748
9.766943 0.033634
9.771944 0.038476
9.776944 0.047266
9.781945 0.060519
9.786946 0.074655
9.791947 0.085862
9.796948 0.091351
9.801949 0.088497
9.806950 0.076450
9.811951 0.056774
9.816952 0.032474
9.821953 0.007508
9.826954 -0.013842
9.831955 -0.029039
9.836956 -0.036779
9.841957 -0.038452
9.846958 -0.035845
9.851959 -0.030297
9.856960 -0.024447
9.861961 -0.018817
9.866962 -0.013207
9.871963 -0.006457
9.876964 0.001153
9.881965 0.008661
9.886966 0.014695
9.891967 0.016715
9.896968 0.015095
9.901969 0.008472
9.906970 -0.003581
9.911971 -0.017974
9.916972 -0.031410
9.921973 -0.041441
9.926974 -0.045889
9.931975 -0.042892
9.936976 -0.032649
9.941977 -0.016315
9.946978 0.002434
9.951979 0.018826
9.956980 0.028979
9.961981 0.031524
9.966982 0.028293
9.971983 0.021506
9.976984 0.013255
9.981985 0.005517
9.986986 -0.000981
9.991987 -0.007938
9.996988 -0.016034
10.001989 -0.025913
10.006990 -0.038408
10.011991 -0.051277
10.016992 -0.061646
10.021993 -0.066549
10.026994 -0.065006
10.031995 -0.058305
10.036996 -0.048741
10.041997 -0.038817
10.046998 -0.030082
10.051999 -0.023294
10.057000 -0.017167
10.062001 -0.011946
10.067002 -0.009720
10.072003 -0.011092
10.077004 -0.016323
10.082005 -0.024461
10.087006 -0.033159
10.092007 -0.040285
10.097008 -0.043715
10.102009 -0.041788
10.107010 -0.034724
10.112011 -0.023755
10.117012 -0.009810
10.122013 0.006180
10.127014 0.023341
10.132015 0.041269
10.137016 0.058894
10.142017 0.074202
10.147018 0.085189
10.152019 0.090460
10.157020 0.091539
10.162021 0.090332
10.167022 0.087460
10.172023 0.083773
10.177024 0.078446
10.182025 0.070740
10.187026 0.059858
10.192027 0.045442
10.197028 0.028868
10.202029 0.012319
10.207030 -0.002225
10.212031 -0.013184
10.217032 -0.018881
10.222033 -0.020264
10.227034 -0.019239
10.232035 -0.016175
10.237036 -0.010542
10.242037 -0.004014
10.247038 0.001764
10.252039 0.006568
10.257040 0.008776
10.262041 0.008345
10.267042 0.004859
10.272043 -0.001521
10.277044 -0.010101
10.282045 -0.020141
10.287046 -0.029927
10.292047 -0.039022
10.297048 -0.044843
10.302049 -0.047072
10.307050 -0.046339
10.312051 -0.041079
10.317052 -0.032681
10.322053 -0.021965
10.327054 -0.010214
10.332055 0.001042
10.337056 0.010788
10.342057 0.016785
10.347058 0.018104
10.352059 0.014638
10.357060 0.007881
10.362061 0.001685
10.367062 -0.000825
10.372063 0.000442
10.377064 0.005503
10.382065 0.013171
10.387066 0.021052
10.392067 0.027804
10.397068 0.032473
10.402069 0.035229
10.407070 0.035521
10.412071 0.033342
10.417072 0.029770
10.422073 0.025776
10.427074 0.021108
10.432075 0.014183
10.437076 0.005455
10.442077 -0.004010
10.447078 -0.014166
10.452079 -0.022699
10.457080 -0.027635
10.462081 -0.029270
10.467082 -0.027885
10.472083 -0.024266
10.477084 -0.019533
10.482085 -0.015157
10.487086 -0.012376
10.492087 -0.011524
10.497088 -0.011627
10.502089 -0.010992
10.507090 -0.008561
10.512091 -0.002681
10.517092 0.008185
10.522093 0.023343
10.527094 0.040855
10.532095 0.058149
10.537096 0.071902
10.542097 0.079126
10.547098 0.078022
10.552099 0.069078
10.557100 0.053828
10.562101 0.034327
10.567102 0.012842
10.572103 -0.008357
10.577104 -0.027134
10.582105 -0.042266
10.587106 -0.052114
10.592107 -0.056724
10.597108 -0.057161
10.602109 -0.054653
10.607110 -0.050837
10.612111 -0.046586
10.617112 -0.042234
10.622113 -0.036514
10.627114 -0.030047
10.632115 -0.022933
10.637116 -0.013924
10.642117 -0.003848
10.647118 0.006093
10.652119 0.013406
10.657120 0.016671
10.662121 0.015370
10.667122 0.009306
10.672123 -0.000013
10.677124 -0.010049
10.682125 -0.018503
10.687126 -0.024137
10.692127 -0.024889
10.697128 -0.019724
10.702129 -0.010123
10.707130 0.001771
10.712130 0.013748
10.717131 0.023906
10.722132 0.030191
10.727133 0.030977
10.732134 0.026102
10.737135 0.016145
10.742136 0.002974
10.747137 -0.011228
10.752138 -0.025258
10.757139 -0.036849
10.762140 -0.044481
10.767141 -0.048963
10.772142 -0.049637
10.777143 -0.046723
10.782144 -0.042186
10.787145 -0.037172
10.792146 -0.032525
10.797147 -0.026247
10.802148 -0.017904
10.807149 -0.008628
10.812150 0.001677
10.817151 0.011491
10.822152 0.019443
10.827153 0.024134
10.832154 0.026371
10.837155 0.027153
10.842156 0.026035
10.847157 0.023222
10.852158 0.019498
10.857159 0.016839
10.862160 0.016051
10.867161 0.018049
10.872162 0.023051
10.877163 0.030722
10.882164 0.039089
10.887165 0.043771
10.892166 0.044570
10.897167 0.041202
10.902168 0.033401
10.907169 0.023554
10.912170 0.013002
10.917171 0.004274
10.922172 -0.001625
10.927173 -0.004547
10.932174 -0.003647
10.937175 0.000491
10.942176 0.008159
10.947177 0.017834
10.952178 0.027347
10.957179 0.035254
10.962180 0.039523
10.967181 0.038454
10.972182 0.031287
10.977183 0.019737
10.982184 0.005893
10.987185 -0.007421
10.992186 -0.017644
10.997187 -0.024219
11.002188 -0.027275
11.007189 -0.028187
11.012190 -0.028724
11.017191 -0.029270
11.022192 -0.028497
11.027193 -0.026081
11.032194 -0.021747
11.037195 -0.014735
11.042196 -0.005609
11.047197 0.004532
11.052198 0.014581
11.057199 0.023442
11.062200 0.029713
11.067201 0.032440
11.072202 0.031507
11.077203 0.028182
11.082204 0.023592
11.087205 0.018162
11.092206 0.013128
11.097207 0.009061
11.102208 0.005629
11.107209 0.002005
11.112210 -0.001914
11.117211 -0.005224
11.122212 -0.007852
11.127213 -0.009698
11.132214 -0.010073
11.137215 -0.008482
11.142216 -0.005551
11.147217 -0.004094
11.152218 -0.005914
11.157219 -0.011850
11.162220 -0.021696
11.167221 -0.033562
11.172222 -0.045217
11.177223 -0.052501
11.182224 -0.053551
11.187225 -0.049549
11.192226 -0.040852
11.197227 -0.028151
11.202228 -0.013196
11.207229 0.002212
11.212230 0.016369
11.217231 0.027386
11.222232 0.034782
11.227233 0.037704
11.232234 0.036037
11.237235 0.031484
11.242236 0.023990
11.247237 0.014882
11.252238 0.005789
11.257239 -0.001984
11.262240 -0.006664
11.267241 -0.008381
11.272242 -0.007891
11.277243 -0.006065
11.282244 -0.003645
11.287245 -0.002500
11.292246 -0.004084
11.297247 -0.008610
11.302248 -0.016071
11.307249 -0.025579
11.312250 -0.034562
11.317251 -0.041089
11.322252 -0.044335
11.327253 -0.042962
11.332254 -0.037629
11.337255 -0.028079
11.342256 -0.015911
11.347257 -0.004058
11.352258 0.006173
11.357259 0.012431
11.362260 0.014643
11.367261 0.012382
11.372262 0.006430
11.377263 -0.000022
11.382264 -0.005564
11.387265 -0.009290
11.392266 -0.009901
11.397267 -0.006909
11.402268 -0.003039
11.407269 -0.000234
11.412270 0.000964
11.417271 0.000350
11.422272 -0.000988
11.427273 -0.003290
11.432274 -0.006304
11.437275 -0.009998
11.442276 -0.014353
11.447277 -0.019151
11.452278 -0.023923
11.457279 -0.027605
11.462280 -0.031020
11.467281 -0.034106
11.472282 -0.036686
11.477283 -0.038309
11.482284 -0.037765
11.487285 -0.034608
11.492286 -0.027557
11.497287 -0.016395
11.502288 -0.001921
11.507289 0.014879
11.512290 0.032112
11.517291 0.047858
11.522292 0.060213
11.527293 0.067859
11.532294 0.071981
11.537295 0.073403
11.542296 0.071834
11.547297 0.068541
11.552298 0.063166
11.557299 0.055853
11.562300 0.047326
11.567301 0.037482
11.572302 0.027159
11.577303 0.016377
11.582304 0.006160
11.587305 -0.003403
11.592306 -0.012234
11.597307 -0.019104
11.602308 -0.024020
11.607309 -0.026283
11.612310 -0.025926
11.617311 -0.022996
11.622312 -0.018144
11.627313 -0.012868
11.632314 -0.007739
11.637315 -0.004046
11.642315 -0.002169
11.647316 -0.002357
11.652317 -0.004131
11.657318 -0.005420
11.662319 -0.005650
11.667320 -0.004354
11.672321 -0.000657
11.677322 0.005695
11.682323 0.014227
11.687324 0.024147
11.692325 0.034351
11.697326 0.043579
11.702327 0.050286
11.707328 0.053347
11.712329 0.052910
11.717330 0.049041
11.722331 0.042151
11.727332 0.032390
11.732333 0.020729
11.737334 0.008787
11.742335 -0.003265
11.747336 -0.014964
11.752337 -0.026163
11.757338 -0.036005
11.762339 -0.043299
11.767340 -0.048064
11.772341 -0.048873
11.777342 -0.044606
11.782343 -0.035364
11.787344 -0.021827
11.792345 -0.006262
11.797346 0.009871
11.802347 0.023985
11.807348 0.033222
11.812349 0.036599
11.817350 0.034070
11.822351 0.026274
11.827352 0.013929
11.832353 -0.000502
11.837354 -0.014514
11.842355 -0.026209
11.847356 -0.034670
11.852357 -0.039545
11.857358 -0.040883
11.862359 -0.039797
11.867360 -0.037847
11.872361 -0.036203
11.877362 -0.035398
11.882363 -0.036690
11.887364 -0.039231
11.892365 -0.042346
11.897366 -0.044627
11.902367 -0.044028
11.907368 -0.040454
11.912369 -0.033126
11.917370 -0.022433
11.922371 -0.009731
11.927372 0.002386
11.932373 0.012438
11.937374 0.020822
11.942375 0.027278
11.947376 0.032314
11.952377 0.036475
11.957378 0.040691
11.962379 0.044682
11.967380 0.046675
11.972381 0.045976
11.977382 0.042238
11.982383 0.035189
11.987384 0.025306
11.992385 0.013542
11.997386 0.001264
12.002387 -0.010640
12.007388 -0.020767
12.012389 -0.027653
12.017390 -0.030931
12.022391 -0.030325
12.027392 -0.027226
12.032393 -0.021781
12.037394 -0.014243
12.042395 -0.006409
12.047396 0.001579
12.052397 0.009074
12.057398 0.015989
12.062399 0.022627
12.067400 0.028016
12.072401 0.031631
12.077402 0.033303
12.082403 0.032252
12.087404 0.028647
12.092405 0.023230
12.097406 0.016922
12.102407 0.011529
12.107408 0.007513
12.112409 0.004915
12.117410 0.003913
12.122411 0.003903
12.127412 0.003154
12.132413 0.000964
12.137414 -0.002223
12.142415 -0.006613
12.147416 -0.011529
12.152417 -0.016808
12.157418 -0.021279
12.162419 -0.024256
12.167420 -0.026255
12.172421 -0.026589
12.177422 -0.025353
12.182423 -0.022921
12.187424 -0.020011
12.192425 -0.016849
12.197426 -0.013525
12.202427 -0.011231
12.207428 -0.010257
12.212429 -0.009869
12.217430 -0.008904
12.222431 -0.005807
12.227432 -0.000308
12.232433 0.007264
12.237434 0.016996
12.242435 0.027210
12.247436 0.035893
12.252437 0.041395
12.257438 0.041834
12.262439 0.036901
12.267440 0.027760
12.272441 0.016269
12.277442 0.004365
12.282443 -0.006537
12.287444 -0.015458
12.292445 -0.022544
12.297446 -0.027687
12.302447 -0.031513
12.307448 -0.035999
12.312449 -0.040440
12.317450 -0.044383
12.322451 -0.048101
12.327452 -0.050892
12.332453 -0.052841
12.337454 -0.052559
12.342455 -0.050127
12.347456 -0.046624
12.352457 -0.041718
12.357458 -0.035199
12.362459 -0.027084
12.367460 -0.017777
12.372461 -0.007162
12.377462 0.004452
12.382463 0.016894
12.387464 0.029607
12.392465 0.041446
12.397466 0.051857
12.402467 0.060310
12.407468 0.066294
12.412469 0.069014
12.417470 0.068442
12.422471 0.065210
12.427472 0.059552
12.432473 0.051978
12.437474 0.043466
12.442475 0.034040
12.447476 0.023709
12.452477 0.012816
12.457478 0.002057
12.462479 -0.007683
12.467480 -0.016218
12.472481 -0.022445
12.477482 -0.025810
12.482483 -0.026584
12.487484 -0.025231
12.492485 -0.022797
12.497486 -0.019848
12.502487 -0.016654
12.507488 -0.013641
12.512489 -0.010572
12.517490 -0.006622
12.522491 -0.001896
12.527492 0.003791
12.532493 0.009897
12.537494 0.015617
12.542495 0.020929
12.547496 0.024394
12.552497 0.025592
12.557498 0.024725
12.562499 0.021709
12.567500 0.016777
12.572500 0.010027
12.577501 0.002614
12.582502 -0.004757
12.587503 -0.012046
12.592504 -0.018658
12.597505 -0.023386
12.602506 -0.025645
12.607507 -0.025671
12.612508 -0.023295
12.617509 -0.019059
12.622510 -0.013741
12.627511 -0.009108
12.632512 -0.006746
12.637513 -0.006798
12.642514 -0.009454
12.647515 -0.014001
12.652516 -0.019582
12.657517 -0.024601
12.662518 -0.027549
12.667519 -0.028687
12.672520 -0.027874
12.677521 -0.024961
12.682522 -0.020915
12.687523 -0.016696
12.692524 -0.012778
12.697525 -0.009399
12.702526 -0.006651
12.707527 -0.005050
12.712528 -0.004417
12.717529 -0.003781
12.722530 -0.003027
12.727531 -0.002377
12.732532 -0.001512
12.737533 0.000094
12.742534 0.002644
12.747535 0.006023
12.752536 0.010109
12.757537 0.014966
12.762538 0.020169
12.767539 0.024425
12.772540 0.027296
12.777541 0.029042
12.782542 0.029044
12.787543 0.027141
12.792544 0.023971
12.797545 0.020149
12.802546 0.016163
12.807547 0.012052
12.812548 0.008439
12.817549 0.006104
12.822550 0.005146
12.827551 0.005257
12.832552 0.006611
12.837553 0.009285
12.842554 0.012291
12.847555 0.014769
12.852556 0.016308
12.857557 0.016827
12.862558 0.015823
12.867559 0.012738
12.872560 0.007768
12.877561 0.001224
12.882562 -0.006235
12.887563 -0.014201
12.892564 -0.021919
12.897565 -0.027935
12.902566 -0.031888
12.907567 -0.033864
12.912568 -0.033848
12.917569 -0.032254
12.922570 -0.029706
12.927571 -0.027715
12.932572 -0.026622
12.937573 -0.025438
12.942574 -0.024195
12.947575 -0.022809
12.952576 -0.020688
12.957577 -0.016792
12.962578 -0.011082
12.967579 -0.004753
12.972580 0.001910
12.977581 0.008778
12.982582 0.014719
12.987583 0.018629
12.992584 0.020533
12.997585 0.020581
13.002586 0.019220
13.007587 0.016978
13.012588 0.013499
13.017589 0.009044
13.022590 0.003366
13.027591 -0.004399
13.032592 -0.013432
13.037593 -0.022393
13.042594 -0.030091
13.047595 -0.035360
13.052596 -0.037510
13.057597 -0.036184
13.062598 -0.031698
13.067599 -0.025198
13.072600 -0.017550
13.077601 -0.009022
13.082602 -0.000523
13.087603 0.007518
13.092604 0.014748
13.097605 0.021415
13.102606 0.027924
13.107607 0.033528
13.112608 0.038499
13.117609 0.042919
13.122610 0.046565
13.127611 0.048620
13.132612 0.049327
13.137613 0.049328
13.142614 0.047665
13.147615 0.044428
13.152616 0.039190
13.157617 0.031940
13.162618 0.023165
13.167619 0.012576
13.172620 0.001631
13.177621 -0.008128
13.182622 -0.016099
13.187623 -0.021678
13.192624 -0.024674
13.197625 -0.024760
13.202626 -0.022636
13.207627 -0.019276
13.212628 -0.014963
13.217629 -0.010835
13.222630 -0.007193
13.227631 -0.003906
13.232632 -0.001391
13.237633 0.000718
13.242634 0.003003
13.247635 0.004864
13.252636 0.005986
13.257637 0.007147
13.262638 0.007287
13.267639 0.005388
13.272640 0.001672
13.277641 -0.003770
13.282642 -0.009886
13.287643 -0.016011
13.292644 -0.021689
13.297645 -0.025851
13.302646 -0.027723
13.307647 -0.027400
13.312648 -0.025100
13.317649 -0.020150
13.322650 -0.012692
13.327651 -0.003752
13.332652 0.006087
13.337653 0.016314
13.342654 0.025831
13.347655 0.033740
13.352656 0.040060
13.357657 0.044335
13.362658 0.045973
13.367659 0.045044
13.372660 0.041570
13.377661 0.035865
13.382662 0.028662
13.387663 0.020114
13.392664 0.010569
13.397665 0.000846
13.402666 -0.008682
13.407667 -0.017877
13.412668 -0.025619
13.417669 -0.031455
13.422670 -0.035802
13.427671 -0.038497
13.432672 -0.039957
13.437673 -0.040063
13.442674 -0.038580
13.447675 -0.035325
13.452676 -0.029879
13.457677 -0.022217
13.462678 -0.012821
13.467679 -0.002570
13.472680 0.007782
13.477681 0.017531
13.482682 0.025736
13.487683 0.030812
13.492684 0.032637
13.497685 0.031599
13.502685 0.027300
13.507686 0.020015
13.512687 0.010613
13.517688 0.000307
13.522689 -0.010250
13.527690 -0.020203
13.532691 -0.028600
13.537692 -0.033885
13.542693 -0.035217
13.547694 -0.033511
13.552695 -0.028872
13.557696 -0.022143
13.562697 -0.014587
13.567698 -0.007696
13.572699 -0.002601
13.577700 0.000873
13.582701 0.002528
13.587702 0.003080
13.592703 0.002844
13.597704 0.002740
13.602705 0.003651
13.607706 0.004720
13.612707 0.005875
13.617708 0.007104
13.622709 0.007868
13.627710 0.007279
13.632711 0.005835
13.637712 0.004256
13.642713 0.002680
13.647714 0.001434
13.652715 0.001265
13.657716 0.003097
13.662717 0.006181
13.667718 0.010212
13.672719 0.014505
13.677720 0.018260
13.682721 0.021216
13.687722 0.022686
13.692723 0.022705
13.697724 0.021222
13.702725 0.018808
13.707726 0.015367
13.712727 0.011284
13.717728 0.007329
13.722729 0.003078
13.727730 -0.001314
13.732731 -0.005525
13.737732 -0.009277
13.742733 -0.012714
13.747734 -0.016019
13.752735 -0.018716
13.757736 -0.020357
13.762737 -0.021200
13.767738 -0.021548
13.772739 -0.020912
13.777740 -0.018980
13.782741 -0.015885
13.787742 -0.011550
13.792743 -0.005868
13.797744 0.001122
13.802745 0.009103
13.807746 0.017188
13.812747 0.024982
13.817748 0.032254
13.822749 0.037984
13.827750 0.041090
13.832751 0.041061
13.837752 0.037839
13.842753 0.031665
13.847754 0.022529
13.852755 0.010862
13.857756 -0.001404
13.862757 -0.013022
13.867758 -0.023143
13.872759 -0.030825
13.877760 -0.035321
13.882761 -0.036886
13.887762 -0.036351
13.892763 -0.033119
13.897764 -0.027855
13.902765 -0.021154
13.907766 -0.013557
13.912767 -0.005939
13.917768 0.001745
13.922769 0.008956
13.927770 0.015197
13.932771 0.020015
13.937772 0.023559
13.942773 0.025716
13.947774 0.025857
13.952775 0.024547
13.957776 0.022228
13.962777 0.018634
13.967778 0.014159
13.972779 0.009254
13.977780 0.004259
13.982781 -0.000472
13.987782 -0.005550
13.992783 -0.011010
13.997784 -0.016362
14.002785 -0.021701
14.007786 -0.026766
14.012787 -0.030816
14.017788 -0.033653
14.022789 -0.035320
14.027790 -0.035823
14.032791 -0.035073
14.037792 -0.032889
14.042793 -0.029253
14.047794 -0.024581
14.052795 -0.018657
14.057796 -0.011135
14.062797 -0.002425
14.067798 0.006983
14.072799 0.016788
14.077800 0.026577
14.082801 0.035004
14.087802 0.041076
14.092803 0.044139
14.097804 0.044015
14.102805 0.041107
14.107806 0.035532
14.112807 0.028086
14.117808 0.020077
14.122809 0.012150
14.127810 0.004684
14.132811 -0.001971
14.137812 -0.007751
14.142813 -0.012091
14.147814 -0.015289
14.152815 -0.017000
14.157816 -0.016453
14.162817 -0.014297
14.167818 -0.010944
14.172819 -0.007605
14.177820 -0.004537
14.182821 -0.002273
14.187822 -0.001955
14.192823 -0.002597
14.197824 -0.004140
14.202825 -0.006465
14.207826 -0.008723
14.212827 -0.011022
14.217828 -0.012645
14.222829 -0.013397
14.227830 -0.013447
14.232831 -0.012428
14.237832 -0.010347
14.242833 -0.007165
14.247834 -0.003204
14.252835 0.001551
14.257836 0.006897
14.262837 0.012523
14.267838 0.018067
14.272839 0.022917
14.277840 0.027111
14.282841 0.029889
14.287842 0.030809
14.292843 0.030423
14.297844 0.029118
14.302845 0.026787
14.307846 0.023527
14.312847 0.019879
14.317848 0.016007
14.322849 0.012166
14.327850 0.007829
14.332851 0.003196
14.337852 -0.001335
14.342853 -0.006072
14.347854 -0.010589
14.352855 -0.014927
14.357856 -0.018415
14.362857 -0.020964
14.367858 -0.023031
14.372859 -0.024053
14.377860 -0.023776
14.382861 -0.022180
14.387862 -0.019505
14.392863 -0.015893
14.397864 -0.011527
14.402865 -0.006739
14.407866 -0.002476
14.412867 0.000714
14.417868 0.002775
14.422869 0.003244
14.427870 0.002069
14.432870 -0.000467
14.437871 -0.003596
14.442872 -0.007302
14.447873 -0.011571
14.452874 -0.015658
14.457875 -0.019223
14.462876 -0.021921
14.467877 -0.023981
14.472878 -0.025548
14.477879 -0.025905
14.482880 -0.024983
14.487881 -0.023074
14.492882 -0.019822
14.497883 -0.014857
14.502884 -0.008465
14.507885 -0.001175
14.512886 0.006454
14.517887 0.013647
14.522888 0.019888
14.527889 0.024284
14.532890 0.026613
14.537891 0.027351
14.542892 0.026415
14.547893 0.024074
14.552894 0.020595
14.557895 0.016788
14.562896 0.013281
14.567897 0.009225
14.572898 0.004819
14.577899 0.000775
14.582900 -0.003032
14.587901 -0.006369
14.592902 -0.008792
14.597903 -0.009821
14.602904 -0.008756
14.607905 -0.005947
14.612906 -0.001586
14.617907 0.004593
14.622908 0.011821
14.627909 0.019250
14.632910 0.025846
14.637911 0.030798
14.642912 0.033707
14.647913 0.034105
14.652914 0.031980
14.657915 0.028029
14.662916 0.022898
14.667917 0.016855
14.672918 0.011148
14.677919 0.006533
14.682920 0.003129
14.687921 0.001306
14.692922 0.000378
14.697923 -0.000072
14.702924 -0.000081
14.707925 -0.000482
14.712926 -0.001398
14.717927 -0.002324
14.722928 -0.003196
14.727929 -0.003768
14.732930 -0.003937
14.737931 -0.003437
14.742932 -0.002565
14.747933 -0.001858
14.752934 -0.001125
14.757935 -0.000562
14.762936 -0.000645
14.767937 -0.001467
14.772938 -0.002917
14.777939 -0.004561
14.782940 -0.006203
14.787941 -0.008160
14.792942 -0.009725
14.797943 -0.010570
14.802944 -0.010994
14.807945 -0.011070
14.812946 -0.011103
14.817947 -0.011140
14.822948 -0.011498
14.827949 -0.012618
14.832950 -0.014568
14.837951 -0.016968
14.842952 -0.019682
14.847953 -0.022577
14.852954 -0.024862
14.857955 -0.025687
14.862956 -0.024873
14.867957 -0.022603
14.872958 -0.018530
14.877959 -0.013236
14.882960 -0.007576
14.887961 -0.002012
14.892962 0.002659
14.897963 0.006241
14.902964 0.008649
14.907965 0.009693
14.912966 0.009832
14.917967 0.009860
14.922968 0.010013
14.927969 0.009734
14.932970 0.008774
14.937971 0.007557
14.942972 0.006019
14.947973 0.003953
14.952974 0.001271
14.957975 -0.001818
14.962976 -0.004823
14.967977 -0.008057
14.972978 -0.011345
14.977979 -0.013968
14.982980 -0.016143
14.987981 -0.018099
14.992982 -0.019537
14.997983 -0.020183
15.002984 -0.019636
15.007985 -0.018073
15.012986 -0.015427
15.017987 -0.011342
15.022988 -0.006239
15.027989 -0.000478
15.032990 0.005056
15.037991 0.010319
15.042992 0.015021
15.047993 0.018431
15.052994 0.021052
15.057995 0.022757
15.062996 0.023824
15.067997 0.024139
15.072998 0.023476
15.077999 0.022921
15.083000 0.021896
15.088001 0.019805
15.093002 0.017285
15.098003 0.014587
15.103004 0.011900
15.108005 0.008845
15.113006 0.005739
15.118007 0.003316
15.123008 0.001342
15.128009 -0.000515
15.133010 -0.002083
15.138011 -0.002780
15.143012 -0.002965
15.148013 -0.003228
15.153014 -0.003085
15.158015 -0.002507
15.163016 -0.001913
15.168017 -0.001290
15.173018 -0.001029
15.178019 -0.000796
15.183020 -0.000557
15.188021 -0.000669
15.193022 -0.000727
15.198023 -0.000801
15.203024 -0.000690
15.208025 -0.000640
15.213026 -0.000669
15.218027 -0.000296
15.223028 0.000274
15.228029 0.000667
15.233030 0.000762
15.238031 0.001044
15.243032 0.001117
15.248033 0.000440
15.253034 -0.000947
15.258035 -0.002893
15.263036 -0.005209
15.268037 -0.007951
15.273038 -0.010794
15.278039 -0.013370
15.283040 -0.015331
15.288041 -0.016782
15.293042 -0.017608
15.298043 -0.017222
15.303044 -0.015956
15.308045 -0.014039
15.313046 -0.011873
15.318047 -0.009415
15.323048 -0.006329
15.328049 -0.003618
15.333050 -0.001496
15.338051 0.000784
15.343052 0.003045
15.348053 0.005016
15.353054 0.006809
15.358055 0.008931
15.363056 0.011328
15.368056 0.013194
15.373057 0.014808
15.378058 0.015981
15.383059 0.016212
15.388060 0.014992
15.393061 0.011996
15.398062 0.007695
15.403063 0.002137
15.408064 -0.004410
15.413065 -0.011243
15.418066 -0.017448
15.423067 -0.022627
15.428068 -0.026596
15.433069 -0.028826
15.438070 -0.029102
15.443071 -0.027699
15.448072 -0.025207
15.453073 -0.021985
15.458074 -0.018099
15.463075 -0.013852
15.468076 -0.009764
15.473077 -0.005965
15.478078 -0.002564
15.483079 0.000489
15.488080 0.002996
15.493081 0.004643
15.498082 0.006239
15.503083 0.007768
15.508084 0.008697
15.513085 0.009618
15.518086 0.010786
15.523087 0.012160
15.528088 0.013447
15.533089 0.014461
15.538090 0.015317
15.543091 0.015501
15.548092 0.014955
15.553093 0.013754
15.558094 0.012018
15.563095 0.010180
15.568096 0.008025
15.573097 0.005670
15.578098 0.003515
15.583099 0.001437
15.588100 -0.001038
15.593101 -0.003744
15.598102 -0.006067
15.603103 -0.008200
15.608104 -0.010011
15.613105 -0.011222
15.618106 -0.011589
15.623107 -0.010623
15.628108 -0.008816
15.633109 -0.006462
15.638110 -0.003178
15.643111 0.000673
15.648112 0.004314
15.653113 0.007510
15.658114 0.010361
15.663115 0.012667
15.668116 0.013741
15.673117 0.013797
15.678118 0.013510
15.683119 0.012733
15.688120 0.011435
15.693121 0.010015
15.698122 0.008966
15.703123 0.008146
15.708124 0.007231
15.713125 0.006246
15.718126 0.005159
15.723127 0.004210
15.728128 0.002935
15.733129 0.001194
15.738130 -0.000083
15.743131 -0.001142
15.748132 -0.001948
15.753133 -0.002156
15.758134 -0.001746
15.763135 -0.000460
15.768136 0.001065
15.773137 0.002748
15.778138 0.004760
15.783139 0.006429
15.788140 0.007654
15.793141 0.008212
15.798142 0.008196
15.803143 0.007682
15.808144 0.006292
15.813145 0.004493
15.818146 0.002351
15.823147 0.000072
15.828148 -0.002184
15.833149 -0.004292
15.838150 -0.005719
15.843151 -0.006515
15.848152 -0.007145
15.853153 -0.007476
15.858154 -0.007032
15.863155 -0.006220
15.868156 -0.005317
15.873157 -0.004388
15.878158 -0.002985
15.883159 -0.001356
15.888160 -0.000088
15.893161 0.001156
15.898162 0.002156
15.903163 0.003280
15.908164 0.003986
15.913165 0.004235
15.918166 0.004940
15.923167 0.005248
15.928168 0.005276
15.933169 0.005031
15.938170 0.004352
15.943171 0.003295
15.948172 0.001086
15.953173 -0.001785
15.958174 -0.005106
15.963175 -0.008719
15.968176 -0.012332
15.973177 -0.016183
15.978178 -0.019491
15.983179 -0.021974
15.988180 -0.024029
15.993181 -0.025371
15.998182 -0.025409
16.003183 -0.024532
16.008184 -0.023038
16.013185 -0.020538
16.018186 -0.017296
16.023187 -0.013650
16.028188 -0.010069
16.033189 -0.006491
16.038190 -0.003089
16.043191 -0.000209
16.048192 0.002152
16.053193 0.003649
16.058194 0.004958
16.063195 0.006122
16.068196 0.006892
16.073197 0.007530
16.078198 0.008315
16.083199 0.009608
16.088200 0.010672
16.093201 0.011794
16.098202 0.013460
16.103203 0.015008
16.108204 0.016310
16.113205 0.017017
16.118206 0.017017
16.123207 0.016469
16.128208 0.014834
16.133209 0.012215
16.138210 0.009361
16.143211 0.006444
16.148212 0.003475
16.153213 0.000865
16.158214 -0.001035
16.163215 -0.002340
16.168216 -0.003468
16.173217 -0.004316
16.178218 -0.004563
16.183219 -0.004296
16.188220 -0.003889
16.193221 -0.003240
16.198222 -0.002229
16.203223 -0.001149
16.208224 0.000038
16.213225 0.001170
16.218226 0.002314
16.223227 0.003793
16.228228 0.005006
16.233229 0.006048
16.238230 0.006877
16.243231 0.007528
16.248232 0.007973
16.253233 0.007603
16.258234 0.007035
16.263235 0.006060
16.268236 0.004506
16.273237 0.002497
16.278238 0.000170
16.283239 -0.002049
16.288240 -0.004756
16.293241 -0.007466
16.298241 -0.009677
16.303242 -0.011446
16.308243 -0.012724
16.313244 -0.013359
16.318245 -0.012931
16.323246 -0.011807
16.328247 -0.010126
16.333248 -0.008136
16.338249 -0.005946
16.343250 -0.003440
16.348251 -0.001332
16.353252 0.000263
16.358253 0.001577
16.363254 0.002727
16.368255 0.003316
16.373256 0.003368
16.378257 0.003608
16.383258 0.003590
16.388259 0.003488
16.393260 0.003274
16.398261 0.002867
16.403262 0.002535
16.408263 0.001330
16.413264 -0.000328
16.418265 -0.002175
16.423266 -0.004670
16.428267 -0.007289
16.433268 -0.010090
16.438269 -0.012623
16.443270 -0.014353
16.448271 -0.015566
16.453272 -0.015881
16.458273 -0.015119
16.463274 -0.013136
16.468275 -0.010104
16.473276 -0.006718
16.478277 -0.002781
16.483278 0.001403
16.488279 0.005235
16.493280 0.008394
16.498281 0.010740
16.503282 0.012615
16.508283 0.013414
16.513284 0.013260
16.518285 0.012971
16.523286 0.012369
16.528287 0.011511
16.533288 0.010467
16.538289 0.009645
16.543290 0.009303
16.548291 0.008878
16.553292 0.008629
16.558293 0.009135
16.563294 0.009857
16.568295 0.010487
16.573296 0.011310
16.578297 0.012072
16.583298 0.012745
16.588299 0.012954
16.593300 0.012496
16.598301 0.011964
16.603302 0.010982
16.608303 0.009630
16.613304 0.008302
16.618305 0.006931
16.623306 0.006001
16.628307 0.005043
16.633308 0.004004
16.638309 0.003389
16.643310 0.002758
16.648311 0.001847
16.653312 0.000584
16.658313 -0.000498
16.663314 -0.001846
16.668315 -0.003591
16.673316 -0.005112
16.678317 -0.006870
16.683318 -0.008249
16.688319 -0.009353
16.693320 -0.010567
16.698321 -0.011377
16.703322 -0.011976
16.708323 -0.012700
16.713324 -0.013758
16.718325 -0.014546
16.723326 -0.014900
16.728327 -0.015222
16.733328 -0.015190
16.738329 -0.014184
16.743330 -0.012338
16.748331 -0.009845
16.753332 -0.006753
16.758333 -0.003248
16.763334 0.000676
16.768335 0.004102
16.773336 0.006803
16.778337 0.008870
16.783338 0.010248
16.788339 0.010867
16.793340 0.010378
16.798341 0.009476
16.803342 0.008494
16.808343 0.007384
16.813344 0.006106
16.818345 0.004938
16.823346 0.004188
16.828347 0.003112
16.833348 0.002064
16.838349 0.001139
16.843350 0.000060
16.848351 -0.001071
16.853352 -0.002194
16.858353 -0.002789
16.863354 -0.003194
16.868355 -0.003496
16.873356 -0.003507
16.878357 -0.003036
16.883358 -0.002143
16.888359 -0.001403
16.893360 -0.000861
16.898361 -0.000490
16.903362 -0.000177
16.908363 -0.000363
16.913364 -0.001235
16.918365 -0.002075
16.923366 -0.002952
16.928367 -0.004121
16.933368 -0.005073
16.938369 -0.005689
16.943370 -0.006178
16.948371 -0.006460
16.953372 -0.006819
16.958373 -0.007184
16.963374 -0.007290
16.968375 -0.007470
16.973376 -0.007848
16.978377 -0.007978
16.983378 -0.007815
16.988379 -0.007655
16.993380 -0.007535
16.998381 -0.007101
17.003382 -0.006287
17.008383 -0.005490
17.013384 -0.004525
17.018385 -0.003081
17.023386 -0.001553
17.028387 -0.000071
17.033388 0.001664
17.038389 0.003486
17.043390 0.005418
17.048391 0.007078
17.053392 0.008473
17.058393 0.009883
17.063394 0.010909
17.068395 0.011545
17.073396 0.011755
17.078397 0.012022
17.083398 0.012229
17.088399 0.011971
17.093400 0.011665
17.098401 0.011530
17.103402 0.011510
17.108403 0.011464
17.113404 0.011446
17.118405 0.011492
17.123406 0.011719
17.128407 0.011563
17.133408 0.010957
17.138409 0.010158
17.143410 0.008941
17.148411 0.007302
17.153412 0.004996
17.158413 0.002389
17.163414 -0.000302
17.168415 -0.003065
17.173416 -0.005788
17.178417 -0.007945
17.183418 -0.009413
17.188419 -0.010843
17.193420 -0.011769
17.198421 -0.012077
17.203422 -0.012155
17.208423 -0.012246
17.213424 -0.012299
17.218425 -0.012058
17.223426 -0.011718
17.228426 -0.011269
17.233427 -0.010673
17.238428 -0.009852
17.243429 -0.008498
17.248430 -0.007116
17.253431 -0.005968
17.258432 -0.004528
17.263433 -0.003393
17.268434 -0.002495
17.273435 -0.001824
17.278436 -0.001804
17.283437 -0.001677
17.288438 -0.002084
17.293439 -0.003188
17.298440 -0.004078
17.303441 -0.005092
17.308442 -0.006202
17.313443 -0.007075
17.318444 -0.007725
17.323445 -0.007718
17.328446 -0.007175
17.333447 -0.006544
17.338448 -0.005284
17.343449 -0.003434
17.348450 -0.001681
17.353451 0.000231
17.358452 0.002273
17.363453 0.004071
17.368454 0.005587
17.373455 0.006586
17.378456 0.007431
17.383457 0.008269
17.388458 0.008420
17.393459 0.008215
17.398460 0.008183
17.403461 0.008071
17.408462 0.007866
17.413463 0.007492
17.418464 0.007340
17.423465 0.007563
17.428466 0.007677
17.433467 0.007961
17.438468 0.008509
17.443469 0.009378
17.448470 0.010429
17.453471 0.011419
17.458472 0.012762
17.463473 0.014268
17.468474 0.015384
17.473475 0.016346
17.478476 0.017107
17.483477 0.017725
17.488478 0.017727
17.493479 0.016865
17.498480 0.016047
17.503481 0.014889
17.508482 0.013307
17.513483 0.011433
17.518484 0.009579
17.523485 0.007929
17.528486 0.005865
17.533487 0.003821
17.538488 0.002042
17.543489 0.000584
17.548490 -0.000900
17.553491 -0.002510
17.558492 -0.003988
17.563493 -0.005513
17.568494 -0.007480
17.573495 -0.009922
17.578496 -0.012234
17.583497 -0.014681
17.588498 -0.017093
17.593499 -0.019385
17.598500 -0.021540
17.603501 -0.022899
17.608502 -0.023686
17.613503 -0.023966
17.618504 -0.023604
17.623505 -0.022356
17.628506 -0.020710
17.633507 -0.018882
17.638508 -0.016548
17.643509 -0.014272
17.648510 -0.012262
17.653511 -0.010615
17.658512 -0.008938
17.663513 -0.007149
17.668514 -0.005802
17.673515 -0.004735
17.678516 -0.003395
17.683517 -0.001814
17.688518 -0.000435
17.693519 0.000636
17.698520 0.001620
17.703521 0.002920
17.708522 0.003815
17.713523 0.004142
17.718524 0.004606
17.723525 0.004884
17.728526 0.004801
17.733527 0.004234
17.738528 0.003712
17.743529 0.003366
17.748530 0.002757
17.753531 0.002021
17.758532 0.001498
17.763533 0.001325
17.768534 0.001248
17.773535 0.001259
17.778536 0.001429
17.783537 0.001935
17.788538 0.002432
17.793539 0.002862
17.798540 0.003503
17.803541 0.004038
17.808542 0.004035
17.813543 0.003736
17.818544 0.003359
17.823545 0.002524
17.828546 0.001321
17.833547 -0.000132
17.838548 -0.001381
17.843549 -0.002409
17.848550 -0.003455
17.853551 -0.004439
17.858552 -0.005041
17.863553 -0.005209
17.868554 -0.005484
17.873555 -0.005791
17.878556 -0.005878
17.883557 -0.005352
17.888558 -0.004856
17.893559 -0.004256
17.898560 -0.002842
17.903561 -0.001061
17.908562 0.000900
17.913563 0.002840
17.918564 0.005134
17.923565 0.007665
17.928566 0.010042
17.933567 0.012080
17.938568 0.013895
17.943569 0.015719
17.948570 0.016782
17.953571 0.017287
17.958572 0.017806
17.963573 0.017712
17.968574 0.017070
17.973575 0.015901
17.978576 0.014611
17.983577 0.013622
17.988578 0.011948
17.993579 0.009926
17.998580 0.008329
18.003581 0.006635
18.008582 0.004656
18.013583 0.002572
18.018584 0.000592
18.023585 -0.001219
18.028586 -0.002959
18.033587 -0.004638
18.038588 -0.005965
18.043589 -0.006646
18.048590 -0.007104
18.053591 -0.007163
18.058592 -0.006618
18.063593 -0.005555
18.068594 -0.004040
18.073595 -0.002723
18.078596 -0.001256
18.083597 -0.000002
18.088598 0.000655
18.093599 0.000725
18.098600 0.000010
18.103601 -0.000771
18.108602 -0.002304
18.113603 -0.004603
18.118604 -0.006540
18.123605 -0.008345
18.128606 -0.010216
18.133607 -0.011682
18.138608 -0.012800
18.143609 -0.013426
18.148610 -0.013563
18.153611 -0.013843
18.158611 -0.013587
18.163612 -0.012925
18.168613 -0.012418
18.173614 -0.011878
18.178615 -0.011241
18.183616 -0.009976
18.188617 -0.008822
18.193618 -0.008045
18.198619 -0.006868
18.203620 -0.005744
18.208621 -0.004794
18.213622 -0.004098
18.218623 -0.003470
18.223624 -0.002681
18.228625 -0.002278
18.233626 -0.002084
18.238627 -0.001790
18.243628 -0.001538
18.248629 -0.001590
18.253630 -0.002053
18.258631 -0.002461
18.263632 -0.002878
18.268633 -0.003779
18.273634 -0.005027
18.278635 -0.006117
18.283636 -0.006936
18.288637 -0.007974
18.293638 -0.008975
18.298639 -0.009466
18.303640 -0.009823
18.308641 -0.010106
18.313642 -0.010030
18.318643 -0.009345
18.323644 -0.008350
18.328645 -0.007041
18.333646 -0.005194
18.338647 -0.002931
18.343648 0.000259
18.348649 0.003627
18.353650 0.006865
18.358651 0.010726
18.363652 0.014714
18.368653 0.018319
18.373654 0.021407
18.378655 0.024285
18.383656 0.026733
18.388657 0.028234
18.393658 0.028761
18.398659 0.028889
18.403660 0.028760
18.408661 0.027561
18.413662 0.025749
18.418663 0.023838
18.423664 0.021746
18.428665 0.019240
18.433666 0.016215
18.438667 0.013124
18.443668 0.010137
18.448669 0.007060
18.453670 0.003916
18.458671 0.001335
18.463672 -0.000645
18.468673 -0.002334
18.473674 -0.003811
18.478675 -0.004676
18.483676 -0.004744
18.488677 -0.004687
18.493678 -0.004498
18.498679 -0.004040
18.503680 -0.003389
18.508681 -0.002905
18.513682 -0.002631
18.518683 -0.002510
18.523684 -0.002787
18.528685 -0.003536
18.533686 -0.004772
18.538687 -0.005848
18.543688 -0.006862
18.548689 -0.008091
18.553690 -0.009084
18.558691 -0.009782
18.563692 -0.010172
18.568693 -0.010434
18.573694 -0.010847
18.578695 -0.010949
18.583696 -0.010496
18.588697 -0.010396
18.593698 -0.010617
18.598699 -0.010688
18.603700 -0.010597
18.608701 -0.010569
18.613702 -0.011014
18.618703 -0.011319
18.623704 -0.011415
18.628705 -0.012005
18.633706 -0.012694
18.638707 -0.012994
18.643708 -0.012931
18.648709 -0.012635
18.653710 -0.012134
18.658711 -0.011005
18.663712 -0.009495
18.668713 -0.008061
18.673714 -0.006648
18.678715 -0.005064
18.683716 -0.003352
18.688717 -0.001719
18.693718 -0.000346
18.698719 0.000884
18.703720 0.002512
18.708721 0.003990
18.713722 0.005213
18.718723 0.006724
18.723724 0.008483
18.728725 0.009964
18.733726 0.010930
18.738727 0.012064
18.743728 0.013019
18.748729 0.013354
18.753730 0.013253
18.758731 0.012759
18.763732 0.012147
18.768733 0.011228
18.773734 0.010124
18.778735 0.009398
18.783736 0.009032
18.788737 0.008739
18.793738 0.008548
18.798739 0.008922
18.803740 0.009499
18.808741 0.009822
18.813742 0.010219
18.818743 0.010470
18.823744 0.010458
18.828745 0.010069
18.833746 0.008989
18.838747 0.007768
18.843748 0.006522
18.848749 0.004510
18.853750 0.002001
18.858751 -0.000401
18.863752 -0.002645
18.868753 -0.004789
18.873754 -0.006924
18.878755 -0.008439
18.883756 -0.009210
18.888757 -0.009763
18.893758 -0.009831
18.898759 -0.009208
18.903760 -0.007907
18.908761 -0.006308
18.913762 -0.004557
18.918763 -0.002379
18.923764 0.000105
18.928765 0.002515
18.933766 0.004653
18.938767 0.006767
18.943768 0.008698
18.948769 0.010144
18.953770 0.010762
18.958771 0.010723
18.963772 0.010405
18.968773 0.009481
18.973774 0.007855
18.978775 0.005898
18.983776 0.003913
18.988777 0.001683
18.993778 -0.000761
18.998779 -0.002826
19.003780 -0.004409
19.008781 -0.005874
19.013782 -0.007105
19.018783 -0.008120
19.023784 -0.008884
19.028785 -0.009610
19.033786 -0.010622
19.038787 -0.011414
19.043788 -0.012025
19.048789 -0.012946
19.053790 -0.014051
19.058791 -0.014635
19.063792 -0.014572
19.068793 -0.014333
19.073794 -0.013933
19.078795 -0.012847
19.083796 -0.011267
19.088796 -0.009700
19.093797 -0.008175
19.098798 -0.006553
19.103799 -0.004548
19.108800 -0.003019
19.113801 -0.002139
19.118802 -0.001285
19.123803 -0.000767
19.128804 -0.000735
19.133805 -0.001231
19.138806 -0.001743
19.143807 -0.001930
19.148808 -0.002113
19.153809 -0.002355
19.158810 -0.002157
19.163811 -0.001267
19.168812 -0.000173
19.173813 0.001154
19.178814 0.002796
19.183815 0.004645
19.188816 0.006239
19.193817 0.007398
19.198818 0.008512
19.203819 0.009220
19.208820 0.009488
19.213821 0.009308
19.218822 0.008879
19.223823 0.008856
19.228824 0.008588
19.233825 0.008216
19.238826 0.008055
19.243827 0.007777
19.248828 0.007399
19.253829 0.006753
19.258830 0.006090
19.263831 0.005264
19.268832 0.003878
19.273833 0.002241
19.278834 0.000422
19.283835 -0.001364
19.288836 -0.003226
19.293837 -0.005233
19.298838 -0.006800
19.303839 -0.007932
19.308840 -0.008759
19.313841 -0.009053
19.318842 -0.008596
19.323843 -0.007530
19.328844 -0.006117
19.333845 -0.004419
19.338846 -0.002434
19.343847 -0.000165
19.348848 0.001883
19.353849 0.003546
19.358850 0.005067
19.363851 0.006414
19.368852 0.007393
19.373853 0.007593
19.378854 0.007429
19.383855 0.007302
19.388856 0.006801
19.393857 0.005927
19.398858 0.005267
19.403859 0.004693
19.408860 0.004041
19.413861 0.003594
19.418862 0.003322
19.423863 0.003518
19.428864 0.003512
19.433865 0.003355
19.438866 0.003508
19.443867 0.003453
19.448868 0.003446
19.453869 0.003156
19.458870 0.002869
19.463871 0.002741
19.468872 0.002129
19.473873 0.001637
19.478874 0.001062
19.483875 0.000556
19.488876 0.000080
19.493877 -0.000738
19.498878 -0.001291
19.503879 -0.001816
19.508880 -0.002273
19.513881 -0.002796
19.518882 -0.003381
19.523883 -0.003291
19.528884 -0.003235
19.533885 -0.003457
19.538886 -0.003002
19.543887 -0.002264
19.548888 -0.001732
19.553889 -0.001012
19.558890 -0.000160
19.563891 0.000771
19.568892 0.001678
19.573893 0.002336
19.578894 0.003113
19.583895 0.004104
19.588896 0.004692
19.593897 0.004825
19.598898 0.005004
19.603899 0.005083
19.608900 0.004832
19.613901 0.004143
19.618902 0.003336
19.623903 0.002654
19.628904 0.001564
19.633905 0.000039
19.638906 -0.001429
19.643907 -0.002776
19.648908 -0.004369
19.653909 -0.006031
19.658910 -0.007392
19.663911 -0.008464
19.668912 -0.009414
19.673913 -0.010150
19.678914 -0.010367
19.683915 -0.010191
19.688916 -0.009903
19.693917 -0.009653
19.698918 -0.009060
19.703919 -0.007931
19.708920 -0.007241
19.713921 -0.006538
19.718922 -0.005324
19.723923 -0.004428
19.728924 -0.003441
19.733925 -0.002528
19.738926 -0.001595
19.743927 -0.000556
19.748928 -0.000057
19.753929 0.000246
19.758930 0.000383
19.763931 0.000551
19.768932 0.000399
19.773933 -0.000296
19.778934 -0.000717
19.783935 -0.000944
19.788936 -0.001388
19.793937 -0.001866
19.798938 -0.002056
19.803939 -0.001891
19.808940 -0.001838
19.813941 -0.001815
19.818942 -0.001427
19.823943 -0.000951
19.828944 -0.000551
19.833945 -0.000444
19.838946 -0.000215
19.843947 0.000403
19.848948 0.000625
19.853949 0.000981
19.858950 0.001789
19.863951 0.002711
19.868952 0.003774
19.873953 0.004808
19.878954 0.005956
19.883955 0.007285
19.888956 0.008528
19.893957 0.009652
19.898958 0.010845
19.903959 0.011866
19.908960 0.012658
19.913961 0.013177
19.918962 0.013327
19.923963 0.013526
19.928964 0.013320
19.933965 0.012629
19.938966 0.011971
19.943967 0.011334
19.948968 0.010655
19.953969 0.009607
19.958970 0.008516
19.963971 0.007516
19.968972 0.006388
19.973973 0.005009
19.978974 0.003748
19.983975 0.002702
19.988976 0.001264
19.993977 0.000153
19.998978 -0.000458
20.003979 -0.000836
20.008980 -0.001137
20.013981 -0.001312
20.018981 -0.001081
20.023982 -0.000864
20.028983 -0.000802
20.033984 -0.001243
20.038985 -0.001678
20.043986 -0.001967
20.048987 -0.002878
20.053988 -0.003872
20.058989 -0.004726
20.063990 -0.005465
20.068991 -0.006024
20.073992 -0.006583
20.078993 -0.006695
20.083994 -0.006285
20.088995 -0.005969
20.093996 -0.005616
20.098997 -0.004917
20.103998 -0.004119
20.108999 -0.003688
20.114000 -0.003750
20.119001 -0.003692
20.124002 -0.003647
20.129003 -0.003949
20.134004 -0.004527
20.139005 -0.005034
20.144006 -0.004931
20.149007 -0.005330
20.154008 -0.005840
20.159009 -0.005563
20.164010 -0.005562
20.169011 -0.005733
20.174012 -0.006027
20.179013 -0.006261
20.184014 -0.006056
20.189015 -0.005939
20.194016 -0.006070
20.199017 -0.005978
20.204018 -0.005533
20.209019 -0.005183
20.214020 -0.004859
20.219021 -0.004581
20.224022 -0.003978
20.229023 -0.003206
20.234024 -0.002970
20.239025 -0.002445
20.244026 -0.001753
20.249027 -0.001316
20.254028 -0.000907
20.259029 -0.000601
20.264030 -0.000000
20.269031 0.000375
20.274032 0.000536
20.279033 0.001097
20.284034 0.001621
20.289035 0.002138
20.294036 0.002518
20.299037 0.002981
20.304038 0.003823
20.309039 0.004512
20.314040 0.004963
20.319041 0.005542
20.324042 0.006366
20.329043 0.006894
20.334044 0.007156
20.339045 0.007382
20.344046 0.007336
20.349047 0.007070
20.354048 0.006307
20.359049 0.005505
20.364050 0.004672
20.369051 0.003441
20.374052 0.002298
20.379053 0.001346
20.384054 0.000727
20.389055 0.000138
20.394056 -0.000502
20.399057 -0.000852
20.404058 -0.000893
20.409059 -0.000915
20.414060 -0.001230
20.419061 -0.001360
20.424062 -0.001290
20.429063 -0.001294
20.434064 -0.001284
20.439065 -0.000971
20.444066 -0.000383
20.449067 0.000121
20.454068 0.000352
20.459069 0.000744
20.464070 0.001243
20.469071 0.001270
20.474072 0.001130
20.479073 0.000964
20.484074 0.000659
20.489075 0.000059
20.494076 -0.000699
20.499077 -0.001250
20.504078 -0.001611
20.509079 -0.002093
20.514080 -0.002734
20.519081 -0.003126
20.524082 -0.003274
20.529083 -0.003703
20.534084 -0.004342
20.539085 -0.004650
20.544086 -0.005036
20.549087 -0.005721
20.554088 -0.006366
20.559089 -0.006771
20.564090 -0.007012
20.569091 -0.007280
20.574092 -0.007626
20.579093 -0.007929
20.584094 -0.007800
20.589095 -0.007521
20.594096 -0.007517
20.599097 -0.007327
20.604098 -0.006637
20.609099 -0.005987
20.614100 -0.005306
20.619101 -0.004222
20.624102 -0.002679
20.629103 -0.001000
20.634104 0.000502
20.639105 0.002340
20.644106 0.004220
20.649107 0.005808
20.654108 0.007078
20.659109 0.007902
20.664110 0.008435
20.669111 0.008433
20.674112 0.007725
20.679113 0.006875
20.684114 0.006136
20.689115 0.004880
20.694116 0.003502
20.699117 0.002296
20.704118 0.001238
20.709119 0.000456
20.714120 -0.000403
20.719121 -0.001024
20.724122 -0.001200
20.729123 -0.001341
20.734124 -0.001421
20.739125 -0.001106
20.744126 -0.000389
20.749127 0.000456
20.754128 0.001406
20.759129 0.002776
20.764130 0.004487
20.769131 0.006151
20.774132 0.007875
20.779133 0.009761
20.784134 0.011636
20.789135 0.012981
20.794136 0.013878
20.799137 0.014698
20.804138 0.014993
20.809139 0.014681
20.814140 0.013945
20.819141 0.012799
20.824142 0.011315
20.829143 0.009456
20.834144 0.007155
20.839145 0.004666
20.844146 0.002350
20.849147 -0.000169
20.854148 -0.002918
20.859149 -0.005423
20.864150 -0.007609
20.869151 -0.009613
20.874152 -0.011389
20.879153 -0.012529
20.884154 -0.013000
20.889155 -0.013213
20.894156 -0.013258
20.899157 -0.012702
20.904158 -0.011600
20.909159 -0.010546
20.914160 -0.009352
20.919161 -0.007867
20.924162 -0.006166
20.929163 -0.004498
20.934164 -0.003134
20.939165 -0.001786
20.944166 -0.000494
20.949167 0.000522
20.954167 0.001378
20.959168 0.002301
20.964169 0.003396
20.969170 0.004254
20.974171 0.004931
20.979172 0.005725
20.984173 0.006363
20.989174 0.006648
20.994175 0.006647
20.999176 0.006618
21.004177 0.006566
21.009178 0.006071
21.014179 0.005260
21.019180 0.004383
21.024181 0.003419
21.029182 0.002448
21.034183 0.001250
21.039184 0.000093
21.044185 -0.000750
21.049186 -0.001667
21.054187 -0.002639
21.059188 -0.003468
21.064189 -0.003949
21.069190 -0.004279
21.074191 -0.004919
21.079192 -0.005377
21.084193 -0.005522
21.089194 -0.005635
21.094195 -0.005673
21.099196 -0.005479
21.104197 -0.005055
21.109198 -0.004574
21.114199 -0.004144
21.119200 -0.003806
21.124201 -0.003287
21.129202 -0.002962
21.134203 -0.003101
21.139204 -0.003322
21.144205 -0.003596
21.149206 -0.004191
21.154207 -0.005187
21.159208 -0.005951
21.164209 -0.006558
21.169210 -0.007205
21.174211 -0.008053
21.179212 -0.008598
21.184213 -0.008471
21.189214 -0.008651
21.194215 -0.008814
21.199216 -0.008589
21.204217 -0.008055
21.209218 -0.007665
21.214219 -0.007385
21.219220 -0.006865
21.224221 -0.006333
21.229222 -0.005780
21.234223 -0.005644
21.239224 -0.005375
21.244225 -0.004846
21.249226 -0.004697
21.254227 -0.004840
21.259228 -0.004631
21.264229 -0.004060
21.269230 -0.003571
21.274231 -0.002921
21.279232 -0.002173
21.284233 -0.000914
21.289234 0.000450
21.294235 0.001584
21.299236 0.003184
21.304237 0.004866
21.309238 0.006391
21.314239 0.008058
21.319240 0.009711
21.324241 0.011092
21.329242 0.012460
21.334243 0.013613
21.339244 0.014443
21.344245 0.015449
21.349246 0.015908
21.354247 0.015826
21.359248 0.015773
21.364249 0.015539
21.369250 0.014925
21.374251 0.013753
21.379252 0.012456
21.384253 0.011247
21.389254 0.009924
21.394255 0.008379
21.399256 0.007033
21.404257 0.006078
21.409258 0.005059
21.414259 0.004307
21.419260 0.003808
21.424261 0.003606
21.429262 0.003668
21.434263 0.003391
21.439264 0.003073
21.444265 0.002975
21.449266 0.002569
21.454267 0.001795
21.459268 0.001192
21.464269 0.000435
21.469270 -0.000539
21.474271 -0.001613
21.479272 -0.002652
21.484273 -0.003215
21.489274 -0.004162
21.494275 -0.005083
21.499276 -0.005483
21.504277 -0.005677
21.509278 -0.005433
21.514279 -0.005299
21.519280 -0.004765
21.524281 -0.003672
21.529282 -0.002660
21.534283 -0.001746
21.539284 -0.000720
21.544285 0.000572
21.549286 0.001725
21.554287 0.002545
21.559288 0.003181
21.564289 0.003892
21.569290 0.004221
21.574291 0.004039
21.579292 0.003923
21.584293 0.003933
21.589294 0.003674
21.594295 0.003133
21.599296 0.002775
21.604297 0.002480
21.609298 0.002014
21.614299 0.001342
21.619300 0.000624
21.624301 -0.000015
21.629302 -0.000930
21.634303 -0.002160
21.639304 -0.003384
21.644305 -0.004582
21.649306 -0.005786
21.654307 -0.007050
21.659308 -0.008310
21.664309 -0.009146
21.669310 -0.009876
21.674311 -0.010725
21.679312 -0.011047
21.684313 -0.010895
21.689314 -0.010750
21.694315 -0.010500
21.699316 -0.009932
21.704317 -0.008991
21.709318 -0.008013
21.714319 -0.007158
21.719320 -0.006018
21.724321 -0.004695
21.729322 -0.003456
21.734323 -0.002323
21.739324 -0.001147
21.744325 0.000305
21.749326 0.001525
21.754327 0.002351
21.759328 0.003037
21.764329 0.003698
21.769330 0.004104
21.774331 0.003857
21.779332 0.003503
21.784333 0.003033
21.789334 0.002188
21.794335 0.000869
21.799336 -0.000636
21.804337 -0.001796
21.809338 -0.003131
21.814339 -0.004764
21.819340 -0.005880
21.824341 -0.006421
21.829342 -0.006925
21.834343 -0.007185
21.839344 -0.007108
21.844345 -0.006553
21.849346 -0.005779
21.854347 -0.005026
21.859348 -0.004122
21.864349 -0.003312
21.869350 -0.002534
21.874351 -0.002182
21.879352 -0.001825
21.884352 -0.001283
21.889353 -0.001159
21.894354 -0.001212
21.899355 -0.001105
21.904356 -0.000539
21.909357 -0.000235
21.914358 -0.000245
21.919359 0.000025
21.924360 0.000303
21.929361 0.000426
21.934362 0.000286
21.939363 0.000154
21.944364 0.000139
21.949365 0.000102
21.954366 -0.000296
21.959367 -0.000598
21.964368 -0.000229
21.969369 -0.000055
21.974370 -0.000070
21.979371 -0.000001
21.984372 0.000695
21.989373 0.001463
21.994374 0.001633
21.999375 0.002499
22.004376 0.003491
22.009377 0.004225
22.014378 0.004979
22.019379 0.005624
22.024380 0.006534
22.029381 0.007204
22.034382 0.007375
22.039383 0.007299
22.044384 0.007040
22.049385 0.006379
22.054386 0.005277
22.059387 0.004039
22.064388 0.002935
22.069389 0.001689
22.074390 0.000182
22.079391 -0.000837
22.084392 -0.001388
22.089393 -0.001780
22.094394 -0.001990
22.099395 -0.001927
22.104396 -0.001356
22.109397 -0.000532
22.114398 0.000214
22.119399 0.001294
22.124400 0.002710
22.129401 0.003964
22.134402 0.005041
22.139403 0.006192
22.144404 0.007487
22.149405 0.008632
22.154406 0.009261
22.159407 0.009718
22.164408 0.010142
22.169409 0.010086
22.174410 0.009749
22.179411 0.009512
22.184412 0.009283
22.189413 0.008694
22.194414 0.007949
22.199415 0.007408
22.204416 0.006903
22.209417 0.006226
22.214418 0.005370
22.219419 0.004640
22.224420 0.004183
22.229421 0.003633
22.234422 0.002888
22.239423 0.002474
22.244424 0.002309
22.249425 0.002217
22.254426 0.002104
22.259427 0.001903
22.264428 0.001986
22.269429 0.001933
22.274430 0.001767
22.279431 0.001684
22.284432 0.001693
22.289433 0.001830
22.294434 0.001479
22.299435 0.001250
22.304436 0.001217
22.309437 0.000805
22.314438 0.000298
22.319439 -0.000432
22.324440 -0.001059
22.329441 -0.001878
22.334442 -0.003035
22.339443 -0.004124
22.344444 -0.005264
22.349445 -0.006367
22.354446 -0.007792
22.359447 -0.009150
22.364448 -0.009865
22.369449 -0.010628
22.374450 -0.011495
22.379451 -0.011861
22.384452 -0.011862
22.389453 -0.011824
22.394454 -0.011797
22.399455 -0.011598
22.404456 -0.011237
22.409457 -0.011128
22.414458 -0.010945
22.419459 -0.010792
22.424460 -0.010634
22.429461 -0.010046
22.434462 -0.009766
22.439463 -0.009305
22.444464 -0.008437
22.449465 -0.007797
22.454466 -0.007105
22.459467 -0.006325
22.464468 -0.005532
22.469469 -0.004597
22.474470 -0.003936
22.479471 -0.003573
22.484472 -0.002825
22.489473 -0.002355
22.494474 -0.002277
22.499475 -0.001879
22.504476 -0.001572
22.509477 -0.001600
22.514478 -0.001816
22.519479 -0.002041
22.524480 -0.002201
22.529481 -0.002517
22.534482 -0.002915
22.539483 -0.003159
22.544484 -0.003096
22.549485 -0.002900
22.554486 -0.002778
22.559487 -0.002238
22.564488 -0.001136
22.569489 0.000065
22.574490 0.001293
22.579491 0.002403
22.584492 0.003784
22.589493 0.005191
22.594494 0.005994
22.599495 0.006858
22.604496 0.007838
22.609497 0.008726
22.614498 0.009457
22.619499 0.010100
22.624500 0.011064
22.629501 0.011862
22.634502 0.012224
22.639503 0.012699
22.644504 0.013582
22.649505 0.014293
22.654506 0.014590
22.659507 0.014897
22.664508 0.015266
22.669509 0.015323
22.674510 0.014944
22.679511 0.014420
22.684512 0.013653
22.689513 0.012588
22.694514 0.011416
22.699515 0.010030
22.704516 0.008623
22.709517 0.006974
22.714518 0.005041
22.719519 0.003367
22.724520 0.001941
22.729521 0.000559
22.734522 -0.000990
22.739523 -0.002279
22.744524 -0.003185
22.749525 -0.004207
22.754526 -0.005297
22.759527 -0.006182
22.764528 -0.006640
22.769529 -0.007194
22.774530 -0.007781
22.779531 -0.008009
22.784532 -0.008111
22.789533 -0.008122
22.794534 -0.008239
22.799535 -0.008090
22.804536 -0.007641
22.809537 -0.007581
22.814537 -0.007544
22.819538 -0.007262
22.824539 -0.006861
22.829540 -0.006713
22.834541 -0.006855
22.839542 -0.006587
22.844543 -0.006179
22.849544 -0.005968
22.854545 -0.005658
22.859546 -0.005272
22.864547 -0.004792
22.869548 -0.004194
22.874549 -0.003537
22.879550 -0.002701
22.884551 -0.001787
22.889552 -0.000738
22.894553 0.000215
22.899554 0.001326
22.904555 0.002791
22.909556 0.003824
22.914557 0.004785
22.919558 0.005666
22.924559 0.006390
22.929560 0.006947
22.934561 0.006908
22.939562 0.006949
22.944563 0.006804
22.949564 0.006181
22.954565 0.005454
22.959566 0.004751
22.964567 0.004026
22.969568 0.003120
22.974569 0.002000
22.979570 0.000837
22.984571 0.000226
22.989572 -0.000500
22.994573 -0.001531
22.999574 -0.002313
23.004575 -0.002993
23.009576 -0.003556
23.014577 -0.004460
23.019578 -0.005127
23.024579 -0.005326
23.029580 -0.005822
23.034581 -0.006313
23.039582 -0.006586
23.044583 -0.006494
23.049584 -0.006076
23.054585 -0.005876
23.059586 -0.005546
23.064587 -0.004921
23.069588 -0.004413
23.074589 -0.004054
23.079590 -0.003779
23.084591 -0.003316
23.089592 -0.002865
23.094593 -0.002679
23.099594 -0.002340
23.104595 -0.001656
23.109596 -0.001030
23.114597 -0.000944
23.119598 -0.000691
23.124599 -0.000058
23.129600 0.000103
23.134601 -0.000076
23.139602 -0.000364
23.144603 -0.000489
23.149604 -0.000817
23.154605 -0.001773
23.159606 -0.002537
23.164607 -0.002905
23.169608 -0.003415
23.174609 -0.003996
23.179610 -0.004161
23.184611 -0.004014
23.189612 -0.003653
23.194613 -0.003349
23.199614 -0.002654
23.204615 -0.001593
23.209616 -0.000678
23.214617 0.000221
23.219618 0.001139
23.224619 0.002406
23.229620 0.003572
23.234621 0.004352
23.239622 0.005182
23.244623 0.006152
23.249624 0.006687
23.254625 0.006933
23.259626 0.007115
23.264627 0.006953
23.269628 0.006769
23.274629 0.006221
23.279630 0.005716
23.284631 0.005379
23.289632 0.004850
23.294633 0.004180
23.299634 0.003639
23.304635 0.003492
23.309636 0.003145
23.314637 0.002713
23.319638 0.002405
23.324639 0.002288
23.329640 0.002277
23.334641 0.002077
23.339642 0.001939
23.344643 0.001880
23.349644 0.001868
23.354645 0.001677
23.359646 0.001514
23.364647 0.001543
23.369648 0.001481
23.374649 0.001349
23.379650 0.001162
23.384651 0.001229
23.389652 0.001420
23.394653 0.001467
23.399654 0.001528
23.404655 0.001684
23.409656 0.001737
23.414657 0.001391
23.419658 0.001094
23.424659 0.000869
23.429660 0.000358
23.434661 -0.000453
23.439662 -0.001199
23.444663 -0.001746
23.449664 -0.002494
23.454665 -0.003296
23.459666 -0.004031
23.464667 -0.004304
23.469668 -0.004586
23.474669 -0.005248
23.479670 -0.005520
23.484671 -0.005435
23.489672 -0.005434
23.494673 -0.005491
23.499674 -0.005209
23.504675 -0.004836
23.509676 -0.004169
23.514677 -0.003599
23.519678 -0.003050
23.524679 -0.001889
23.529680 -0.000938
23.534681 -0.000316
23.539682 0.000415
23.544683 0.001315
23.549684 0.001798
23.554685 0.002066
23.559686 0.002188
23.564687 0.001973
23.569688 0.001731
23.574689 0.000987
23.579690 0.000148
23.584691 -0.000604
23.589692 -0.001483
23.594693 -0.002285
23.599694 -0.003092
23.604695 -0.003615
23.609696 -0.003867
23.614697 -0.004082
23.619698 -0.004079
23.624699 -0.003794
23.629700 -0.003269
23.634701 -0.002749
23.639702 -0.002201
23.644703 -0.001437
23.649704 -0.000666
23.654705 -0.000115
23.659706 0.000403
23.664707 0.001171
23.669708 0.001895
23.674709 0.002383
23.679710 0.002989
23.684711 0.003659
23.689712 0.004052
23.694713 0.004267
23.699714 0.004479
23.704715 0.004772
23.709716 0.004998
23.714717 0.004729
23.719718 0.004531
23.724719 0.004806
23.729720 0.004929
23.734721 0.004733
23.739722 0.004723
23.744722 0.005076
23.749723 0.005056
23.754724 0.004853
23.759725 0.004914
23.764726 0.004916
23.769727 0.004732
23.774728 0.004315
23.779729 0.003881
23.784730 0.003564
23.789731 0.003337
23.794732 0.002847
23.799733 0.002416
23.804734 0.002370
23.809735 0.002252
23.814736 0.001923
23.819737 0.001635
23.824738 0.001825
23.829739 0.001957
23.834740 0.001677
23.839741 0.001625
23.844742 0.001641
23.849743 0.001573
23.854744 0.001293
23.859745 0.000926
23.864746 0.000771
23.869747 0.000165
23.874748 -0.000823
23.879749 -0.001533
23.884750 -0.002025
23.889751 -0.002712
23.894752 -0.003721
23.899753 -0.004580
23.904754 -0.005021
23.909755 -0.005571
23.914756 -0.006296
23.919757 -0.006965
23.924758 -0.007486
23.929759 -0.007780
23.934760 -0.008275
23.939761 -0.008660
23.944762 -0.008480
23.949763 -0.008149
23.954764 -0.008018
23.959765 -0.007596
23.964766 -0.006627
23.969767 -0.005702
23.974768 -0.004945
23.979769 -0.004166
23.984770 -0.003120
23.989771 -0.002270
23.994772 -0.001837
23.999773 -0.001346
24.004774 -0.000900
24.009775 -0.000711
24.014776 -0.000638
24.019777 -0.000678
24.024778 -0.000421
24.029779 -0.000064
24.034780 -0.000220
24.039781 -0.000272
24.044782 -0.000161
24.049783 -0.000063
24.054784 -0.000291
24.059785 -0.000693
24.064786 -0.000719
24.069787 -0.001087
24.074788 -0.001450
24.079789 -0.001700
24.084790 -0.001998
24.089791 -0.002099
24.094792 -0.002476
24.099793 -0.002571
24.104794 -0.002241
24.109795 -0.001983
24.114796 -0.001811
24.119797 -0.001532
24.124798 -0.000757
24.129799 -0.000133
24.134800 0.000186
24.139801 0.000622
24.144802 0.001093
24.149803 0.001487
24.154804 0.001503
24.159805 0.001518
24.164806 0.001633
24.169807 0.001468
24.174808 0.001199
24.179809 0.000881
24.184810 0.000676
24.189811 0.000409
24.194812 0.000091
24.199813 -0.000003
24.204814 0.000112
24.209815 0.000350
24.214816 0.000210
24.219817 0.000252
24.224818 0.000622
24.229819 0.000751
24.234820 0.000794
24.239821 0.000750
24.244822 0.001057
24.249823 0.001397
24.254824 0.001464
24.259825 0.001720
24.264826 0.002227
24.269827 0.003085
24.274828 0.003662
24.279829 0.004179
24.284830 0.005039
24.289831 0.005677
24.294832 0.006059
24.299833 0.006311
24.304834 0.006633
24.309835 0.006583
24.314836 0.005916
24.319837 0.005386
24.324838 0.004781
24.329839 0.003920
24.334840 0.003095
24.339841 0.002224
24.344842 0.001550
24.349843 0.001068
24.354844 0.000560
24.359845 0.000106
24.364846 -0.000005
24.369847 0.000116
24.374848 0.000051
24.379849 0.000108
24.384850 0.000232
24.389851 0.000163
24.394852 -0.000048
24.399853 -0.000142
24.404854 -0.000178
24.409855 -0.000425
24.414856 -0.000772
24.419857 -0.001104
24.424858 -0.001224
24.429859 -0.001392
24.434860 -0.001602
24.439861 -0.001785
24.444862 -0.001933
24.449863 -0.001709
24.454864 -0.001707
24.459865 -0.001889
24.464866 -0.001718
24.469867 -0.001634
24.474868 -0.001799
24.479869 -0.001929
24.484870 -0.001886
24.489871 -0.001877
24.494872 -0.002052
24.499873 -0.002193
24.504874 -0.002147
24.509875 -0.002120
24.514876 -0.002081
24.519877 -0.001787
24.524878 -0.001390
24.529879 -0.000863
24.534880 -0.000514
24.539881 -0.000204
24.544882 0.000507
24.549883 0.000981
24.554884 0.001183
24.559885 0.001307
24.564886 0.001466
24.569887 0.001853
24.574888 0.001917
24.579889 0.001953
24.584890 0.002354
24.589891 0.002616
24.594892 0.002639
24.599893 0.002779
24.604894 0.003232
24.609895 0.003458
24.614896 0.003325
24.619897 0.003220
24.624898 0.003174
24.629899 0.002871
24.634900 0.002160
24.639901 0.001445
24.644902 0.000952
24.649903 0.000403
24.654904 -0.000444
24.659905 -0.001136
24.664906 -0.001559
24.669907 -0.001970
24.674907 -0.002402
24.679908 -0.002703
24.684909 -0.002787
24.689910 -0.002805
24.694911 -0.002812
24.699912 -0.002926
24.704913 -0.002854
24.709914 -0.002537
24.714915 -0.002627
24.719916 -0.002658
24.724917 -0.002386
24.729918 -0.002371
24.734919 -0.002561
24.739920 -0.002745
24.744921 -0.002825
24.749922 -0.002994
24.754923 -0.003387
24.759924 -0.003550
24.764925 -0.003554
24.769926 -0.003786
24.774927 -0.004070
24.779928 -0.004117
24.784929 -0.003894
24.789930 -0.003695
24.794931 -0.003773
24.799932 -0.003669
24.804933 -0.003479
24.809934 -0.003345
24.814935 -0.003230
24.819936 -0.003248
24.824937 -0.002947
24.829938 -0.002626
24.834939 -0.002720
24.839940 -0.002759
24.844941 -0.002504
24.849942 -0.002241
24.854943 -0.002251
24.859944 -0.002301
24.864945 -0.001882
24.869946 -0.001366
24.874947 -0.001086
24.879948 -0.000577
24.884949 0.000250
24.889950 0.001154
24.894951 0.001912
24.899952 0.002694
24.904953 0.003666
24.909954 0.004550
24.914955 0.005158
24.919956 0.005662
24.924957 0.006129
24.929958 0.006468
24.934959 0.006450
24.939960 0.006344
24.944961 0.006494
24.949962 0.006221
24.954963 0.005809
24.959964 0.005595
24.964965 0.005311
24.969966 0.004897
24.974967 0.004044
24.979968 0.003540
24.984969 0.003211
24.989970 0.002634
24.994971 0.002042
24.999972 0.001326
25.004973 0.001041
25.009974 0.000780
25.014975 0.000346
25.019976 0.000079
25.024977 0.000140
25.029978 0.000384
25.034979 0.000387
25.039980 0.000579
25.044981 0.000830
25.049982 0.001109
25.054983 0.001205
25.059984 0.001114
25.064985 0.001398
25.069986 0.001435
25.074987 0.001280
25.079988 0.001167
25.084989 0.001161
25.089990 0.001078
25.094991 0.000612
25.099992 0.000265
25.104993 0.000049
25.109994 -0.000143
25.114995 -0.000555
25.119996 -0.000804
25.124997 -0.000648
25.129998 -0.000680
25.134999 -0.000913
25.140000 -0.000957
