0.000000 0.000000
0.005001 0.000169
0.010002 -0.000225
0.015003 -0.000075
0.020004 0.000196
0.025005 0.000302
0.030006 -0.000180
0.035007 -0.000256
0.040008 0.000203
0.045009 0.000034
0.050010 -0.000302
0.055011 -0.000374
0.060012 0.000103
0.065013 0.000174
0.070014 -0.000185
0.075015 -0.000068
0.080016 0.000104
0.085017 0.000115
0.090018 -0.000216
0.095019 -0.000304
0.100020 0.000122
0.105021 0.000162
0.110022 -0.000092
0.115023 -0.000267
0.120024 0.000139
0.125025 0.000298
0.130026 -0.000056
0.135027 0.000126
0.140028 0.000198
0.145029 0.000190
0.150030 -0.000127
0.155031 -0.000179
0.160032 0.000497
0.165033 0.000128
0.170034 -0.000325
0.175035 -0.000155
0.180036 -0.000096
0.185037 -0.000019
0.190038 -0.000230
0.195039 -0.000220
0.200040 0.000157
0.205041 0.000210
0.210042 -0.000033
0.215043 -0.000009
0.220044 0.000291
0.225045 0.000145
0.230046 -0.000078
0.235047 -0.000008
0.240048 0.000081
0.245049 0.000210
0.250050 -0.000085
0.255051 -0.000114
0.260052 0.000269
0.265053 0.000070
0.270054 -0.000278
0.275055 -0.000121
0.280056 0.000156
0.285057 0.000087
0.290058 -0.000148
0.295059 -0.000091
0.300060 0.000204
0.305061 0.000081
0.310062 -0.000167
0.315063 -0.000043
0.320064 0.000240
0.325065 0.000093
0.330066 -0.000331
0.335067 -0.000125
0.340068 0.000427
0.345069 0.000305
0.350070 -0.000160
0.355071 -0.000002
0.360072 0.000193
0.365073 0.000069
0.370074 -0.000260
0.375075 -0.000461
0.380076 0.000045
0.385077 -0.000112
0.390078 -0.000425
0.395079 -0.000031
0.400080 0.000263
0.405081 0.000203
0.410082 -0.000243
0.415083 -0.000161
0.420084 0.000174
0.425085 0.000222
0.430086 -0.000142
0.435087 -0.000372
0.440088 0.000311
0.445089 -0.000010
0.450090 -0.000420
0.455091 -0.000174
0.460092 0.000007
0.465093 0.000358
0.470093 -0.000014
0.475094 -0.000184
0.480095 0.000187
0.485096 0.000205
0.490097 0.000038
0.495098 0.000060
0.500099 0.000240
0.505100 0.000106
0.510101 -0.000259
0.515102 -0.000147
0.520103 0.000357
0.525104 0.000169
0.530105 -0.000167
0.535106 -0.000267
0.540107 -0.000088
0.545108 0.000247
0.550109 0.000103
0.555110 0.000121
0.560111 0.000222
0.565112 -0.000006
0.570113 -0.000417
0.575114 -0.000483
0.580115 0.000071
0.585116 0.000123
0.590117 -0.000124
0.595118 -0.000088
0.600119 0.000152
0.605120 0.000182
0.610121 -0.000212
0.615122 0.000015
0.620123 0.000444
0.625124 0.000286
0.630125 0.000032
0.635126 -0.000043
0.640127 0.000147
0.645128 0.000164
0.650129 -0.000019
0.655130 0.000034
0.660131 0.000246
0.665132 0.000416
0.670133 -0.000018
0.675134 -0.000172
0.680135 0.000263
0.685136 0.000187
0.690137 0.000016
0.695138 0.000099
0.700139 0.000176
0.705140 0.000106
0.710141 -0.000189
0.715142 -0.000365
0.720143 0.000124
0.725144 0.000347
0.730145 -0.000351
0.735146 -0.000457
0.740147 -0.000075
0.745148 0.000072
0.750149 0.000053
0.755150 0.000169
0.760151 0.000434
0.765152 0.000230
0.770153 -0.000335
0.775154 -0.000165
0.780155 0.000393
0.785156 0.000176
0.790157 -0.000141
0.795158 -0.000112
0.800159 0.000312
0.805160 0.000441
0.810161 -0.000064
0.815162 -0.000122
0.820163 0.000225
0.825164 0.000290
0.830165 -0.000217
0.835166 -0.000234
0.840167 0.000376
0.845168 0.000089
0.850169 -0.000433
0.855170 -0.000153
0.860171 0.000201
0.865172 0.000119
0.870173 -0.000141
0.875174 -0.000286
0.880175 0.000177
0.885176 0.000387
0.890177 -0.000224
0.895178 -0.000123
0.900179 0.000282
0.905180 0.000195
0.910181 -0.000146
0.915182 -0.000117
0.920183 0.000318
0.925184 0.000207
0.930185 -0.000012
0.935186 -0.000169
0.940187 0.000323
0.945188 0.000399
0.950189 -0.000199
0.955190 0.000328
0.960191 0.000422
0.965192 -0.000057
0.970193 -0.000116
0.975194 -0.000034
0.980195 0.000389
0.985196 0.000131
0.990197 -0.000286
0.995198 0.000076
1.000199 0.000323
1.005200 0.000228
1.010201 -0.000012
1.015202 0.000070
1.020203 0.000358
1.025204 0.000208
1.030205 -0.000193
1.035206 -0.000252
1.040207 0.000136
1.045208 0.000083
1.050209 -0.000082
1.055210 -0.000046
1.060211 0.000010
1.065212 -0.000008
1.070213 -0.000281
1.075214 -0.000327
1.080215 -0.000219
1.085216 -0.000010
1.090217 -0.000145
1.095218 -0.000252
1.100219 0.000201
1.105220 0.000133
1.110221 -0.000227
1.115222 -0.000116
1.120223 0.000296
1.125224 0.000261
1.130225 -0.000144
1.135226 -0.000033
1.140227 0.000348
1.145228 -0.000121
1.150229 -0.000456
1.155230 0.000013
1.160231 0.000097
1.165232 -0.000043
1.170233 -0.000204
1.175234 -0.000199
1.180235 0.000137
1.185236 0.000285
1.190237 -0.000221
1.195238 -0.000315
1.200239 0.000277
1.205240 -0.000073
1.210241 -0.000263
1.215242 -0.000064
1.220243 -0.000090
1.225244 0.000050
1.230245 -0.000462
1.235246 -0.000273
1.240247 0.000385
1.245248 0.000114
1.250249 -0.000058
1.255250 0.000114
1.260251 0.000234
1.265252 0.000261
1.270253 0.000206
1.275254 0.000178
1.280255 0.000461
1.285256 0.000306
1.290257 -0.000093
1.295258 0.000106
1.300259 0.000160
1.305260 0.000178
1.310261 -0.000129
1.315262 -0.000182
1.320263 0.000242
1.325264 -0.000073
1.330265 -0.000269
1.335266 -0.000012
1.340267 0.000179
1.345268 0.000010
1.350269 -0.000461
1.355270 -0.000198
1.360271 0.000237
1.365272 0.000050
1.370273 -0.000231
1.375274 -0.000090
1.380275 0.000524
1.385276 0.000424
1.390277 -0.000087
1.395278 -0.000004
1.400278 0.000238
1.405279 0.000279
1.410280 -0.000091
1.415281 -0.000321
1.420282 0.000062
1.425283 0.000274
1.430284 -0.000157
1.435285 -0.000126
1.440286 0.000151
1.445287 -0.000083
1.450288 -0.000097
1.455289 0.000037
1.460290 0.000192
1.465291 0.000320
1.470292 -0.000009
1.475293 -0.000181
1.480294 0.000237
1.485295 0.000098
1.490296 -0.000420
1.495297 -0.000162
1.500298 0.000092
1.505299 0.000021
1.510300 -0.000087
1.515301 -0.000075
1.520302 0.000227
1.525303 0.000343
1.530304 0.000060
1.535305 -0.000016
1.540306 0.000261
1.545307 0.000040
1.550308 -0.000425
1.555309 -0.000198
1.560310 0.000307
1.565311 0.000103
1.570312 -0.000244
1.575313 -0.000010
1.580314 0.000333
1.585315 0.000297
1.590316 -0.000168
1.595317 -0.000155
1.600318 0.000356
1.605319 0.000110
1.610320 -0.000349
1.615321 -0.000231
1.620322 0.000245
1.625323 0.000333
1.630324 -0.000143
1.635325 -0.000127
1.640326 0.000426
1.645327 0.000320
1.650328 -0.000103
1.655329 -0.000002
1.660330 0.000326
1.665331 0.000561
1.670332 0.000038
1.675333 -0.000190
1.680334 0.000508
1.685335 0.000126
1.690336 -0.000401
1.695337 -0.000038
1.700338 0.000045
1.705339 -0.000188
1.710340 -0.000367
1.715341 -0.000033
1.720342 0.000313
1.725343 0.000302
1.730344 0.000049
1.735345 -0.000039
1.740346 0.000392
1.745347 0.000262
1.750348 -0.000144
1.755349 -0.000262
1.760350 -0.000031
1.765351 0.000251
1.770352 -0.000185
1.775353 -0.000306
1.780354 0.000223
1.785355 0.000240
1.790356 -0.000173
1.795357 -0.000096
1.800358 0.000345
1.805359 0.000418
1.810360 -0.000157
1.815361 -0.000137
1.820362 0.000345
1.825363 0.000146
1.830364 0.000027
1.835365 0.000143
1.840366 -0.000030
1.845367 -0.000059
1.850368 -0.000178
1.855369 -0.000131
1.860370 0.000275
1.865371 0.000028
1.870372 -0.000119
1.875373 -0.000101
1.880374 -0.000030
1.885375 0.000205
1.890376 -0.000149
1.895377 0.000021
1.900378 0.000081
1.905379 -0.000036
1.910380 0.000121
1.915381 -0.000009
1.920382 0.000129
1.925383 0.000011
1.930384 -0.000266
1.935385 0.000057
1.940386 0.000461
1.945387 0.000264
1.950388 -0.000183
1.955389 -0.000184
1.960390 -0.000017
1.965391 0.000140
1.970392 -0.000088
1.975393 -0.000522
1.980394 0.000077
1.985395 0.000135
1.990396 -0.000347
1.995397 -0.000194
2.000398 0.000028
2.005399 -0.000007
2.010400 -0.000359
2.015401 -0.000206
2.020402 0.000036
2.025403 0.000181
2.030404 0.000162
2.035405 -0.000001
2.040406 0.000463
2.045407 0.000387
2.050408 -0.000364
2.055409 -0.000171
2.060410 0.000253
2.065411 0.000054
2.070412 -0.000287
2.075413 -0.000374
2.080414 0.000177
2.085415 0.000206
2.090416 -0.000313
2.095417 -0.000195
2.100418 0.000328
2.105419 0.000327
2.110420 -0.000149
2.115421 -0.000092
2.120422 0.000215
2.125423 0.000035
2.130424 -0.000255
2.135425 -0.000112
2.140426 0.000208
2.145427 0.000102
2.150428 -0.000140
2.155429 -0.000146
2.160430 0.000072
2.165431 0.000188
2.170432 -0.000176
2.175433 -0.000171
2.180434 0.000287
2.185435 0.000087
2.190436 -0.000441
2.195437 -0.000136
2.200438 0.000310
2.205439 -0.000175
2.210440 -0.000182
2.215441 -0.000011
2.220442 0.000067
2.225443 0.000060
2.230444 -0.000304
2.235445 -0.000035
2.240446 0.000166
2.245447 0.000178
2.250448 -0.000106
2.255449 -0.000180
2.260450 0.000353
2.265451 0.000274
2.270452 -0.000120
2.275453 -0.000196
2.280454 0.000152
2.285455 0.000259
2.290456 -0.000012
2.295457 -0.000072
2.300458 0.000389
2.305459 0.000150
2.310460 -0.000478
2.315461 -0.000011
2.320462 0.000196
2.325463 0.000025
2.330463 -0.000223
2.335464 -0.000218
2.340465 0.000210
2.345466 0.000163
2.350467 -0.000113
2.355468 -0.000294
2.360469 -0.000100
2.365470 -0.000134
2.370471 -0.000345
2.375472 -0.000339
2.380473 -0.000097
2.385474 0.000244
2.390475 -0.000239
2.395476 -0.000247
2.400477 0.000340
2.405478 0.000282
2.410479 -0.000014
2.415480 0.000033
2.420481 0.000326
2.425482 0.000104
2.430483 -0.000173
2.435484 -0.000135
2.440485 0.000213
2.445486 0.000120
2.450487 -0.000338
2.455488 0.000013
2.460489 0.000173
2.465490 -0.000108
2.470491 -0.000215
2.475492 -0.000093
2.480493 0.000359
2.485494 0.000282
2.490495 -0.000131
2.495496 -0.000096
2.500497 0.000247
2.505498 0.000082
2.510499 -0.000265
2.515500 0.000019
2.520501 0.000378
2.525502 0.000483
2.530503 0.000113
2.535504 0.000008
2.540505 0.000654
2.545506 0.000405
2.550507 -0.000223
2.555508 -0.000040
2.560509 0.000254
2.565510 0.000340
2.570511 -0.000125
2.575512 -0.000336
2.580513 0.000047
2.585514 0.000129
2.590515 0.000033
2.595516 0.000071
2.600517 0.000318
2.605518 0.000278
2.610519 -0.000026
2.615520 0.000044
2.620521 0.000444
2.625522 0.000438
2.630523 -0.000046
2.635524 -0.000233
2.640525 -0.000080
2.645526 0.000201
2.650527 -0.000046
2.655528 -0.000194
2.660529 0.000388
2.665530 0.000205
2.670531 -0.000235
2.675532 -0.000133
2.680533 0.000185
2.685534 0.000614
2.690535 0.000267
2.695536 0.000119
2.700537 0.000308
2.705538 0.000120
2.710539 0.000037
2.715540 0.000064
2.720541 0.000340
2.725542 0.000230
2.730543 -0.000176
2.735544 -0.000123
2.740545 0.000243
2.745546 0.000132
2.750547 -0.000484
2.755548 -0.000244
2.760549 0.000284
2.765550 -0.000055
2.770551 -0.000244
2.775552 -0.000140
2.780553 0.000038
2.785554 0.000226
2.790555 -0.000344
2.795556 -0.000450
2.800557 0.000096
2.805558 -0.000027
2.810559 -0.000306
2.815560 -0.000140
2.820561 0.000319
2.825562 0.000308
2.830563 -0.000204
2.835564 -0.000162
2.840565 0.000320
2.845566 0.000243
2.850567 -0.000056
2.855568 0.000066
2.860569 0.000280
2.865570 0.000155
2.870571 -0.000311
2.875572 -0.000151
2.880573 0.000407
2.885574 -0.000015
2.890575 -0.000520
2.895576 -0.000242
2.900577 0.000099
2.905578 0.000155
2.910579 -0.000086
2.915580 -0.000004
2.920581 0.000092
2.925582 0.000052
2.930583 -0.000121
2.935584 -0.000213
2.940585 0.000149
2.945586 0.000014
2.950587 -0.000390
2.955588 -0.000228
2.960589 0.000074
2.965590 -0.000067
2.970591 -0.000191
2.975592 -0.000073
2.980593 0.000081
2.985594 0.000280
2.990595 -0.000116
2.995596 -0.000139
3.000597 0.000389
3.005598 0.000238
3.010599 -0.000244
3.015600 0.000112
3.020601 0.000378
3.025602 -0.000061
3.030603 -0.000109
3.035604 0.000101
3.040605 0.000391
3.045606 0.000134
3.050607 -0.000191
3.055608 -0.000096
3.060609 0.000070
3.065610 0.000120
3.070611 -0.000367
3.075612 -0.000244
3.080613 0.000254
3.085614 0.000074
3.090615 -0.000196
3.095616 0.000085
3.100617 0.000367
3.105618 0.000157
3.110619 -0.000074
3.115620 0.000085
3.120621 0.000346
3.125622 0.000085
3.130623 -0.000325
3.135624 -0.000085
3.140625 0.000230
3.145626 0.000133
3.150627 -0.000103
3.155628 -0.000190
3.160629 0.000233
3.165630 0.000075
3.170631 -0.000277
3.175632 0.000022
3.180633 0.000222
3.185634 0.000239
3.190635 -0.000272
3.195636 -0.000329
3.200637 0.000128
3.205638 0.000080
3.210639 -0.000145
3.215640 -0.000172
3.220641 0.000416
3.225642 0.000514
3.230643 -0.000084
3.235644 -0.000131
3.240645 0.000105
3.245646 0.000174
3.250647 0.000048
3.255648 -0.000248
3.260648 0.000164
3.265649 0.000234
3.270650 -0.000278
3.275651 0.000080
3.280652 0.000153
3.285653 0.000064
3.290654 -0.000226
3.295655 -0.000189
3.300656 0.000234
3.305657 -0.000019
3.310658 0.000085
3.315659 -0.000098
3.320660 -0.000083
3.325661 0.000099
3.330662 -0.000377
3.335663 -0.000191
3.340664 0.000439
3.345665 0.000264
3.350666 -0.000242
3.355667 0.000030
3.360668 0.000283
3.365669 0.000187
3.370670 -0.000019
3.375671 -0.000153
3.380672 0.000217
3.385673 0.000070
3.390674 -0.000435
3.395675 -0.000376
3.400676 0.000031
3.405677 0.000148
3.410678 -0.000295
3.415679 -0.000095
3.420680 0.000363
3.425681 -0.000107
3.430682 -0.000174
3.435683 -0.000008
3.440684 0.000187
3.445685 0.000316
3.450686 -0.000528
3.455687 -0.000581
3.460688 0.000128
3.465689 0.000076
3.470690 -0.000160
3.475691 -0.000078
3.480692 0.000071
3.485693 0.000036
3.490694 -0.000212
3.495695 -0.000341
3.500696 0.000059
3.505697 0.000028
3.510698 -0.000451
3.515699 -0.000247
3.520700 0.000193
3.525701 0.000230
3.530702 -0.000037
3.535703 -0.000189
3.540704 0.000170
3.545705 0.000439
3.550706 -0.000072
3.555707 -0.000206
3.560708 0.000170
3.565709 0.000047
3.570710 -0.000137
3.575711 -0.000049
3.580712 0.000113
3.585713 0.000107
3.590714 -0.000231
3.595715 -0.000048
3.600716 0.000183
3.605717 0.000007
3.610718 -0.000270
3.615719 -0.000504
3.620720 0.000083
3.625721 0.000117
3.630722 -0.000217
3.635723 -0.000064
3.640724 0.000111
3.645725 0.000323
3.650726 -0.000246
3.655727 -0.000451
3.660728 0.000126
3.665729 0.000323
3.670730 -0.000246
3.675731 -0.000467
3.680732 0.000500
3.685733 0.000153
3.690734 -0.000388
3.695735 0.000081
3.700736 0.000148
3.705737 0.000007
3.710738 -0.000310
3.715739 -0.000146
3.720740 0.000241
3.725741 0.000288
3.730742 -0.000129
3.735743 -0.000258
3.740744 0.000323
3.745745 0.000012
3.750746 -0.000406
3.755747 -0.000247
3.760748 0.000141
3.765749 0.000201
3.770750 -0.000199
3.775751 -0.000047
3.780752 0.000206
3.785753 0.000077
3.790754 -0.000246
3.795755 -0.000176
3.800756 0.000300
3.805757 0.000067
3.810758 -0.000315
3.815759 0.000059
3.820760 0.000570
3.825761 0.000361
3.830762 0.000030
3.835763 -0.000129
3.840764 0.000107
3.845765 0.000229
3.850766 -0.000169
3.855767 -0.000088
3.860768 0.000073
3.865769 0.000209
3.870770 -0.000117
3.875771 -0.000287
3.880772 0.000218
3.885773 -0.000057
3.890774 -0.000229
3.895775 0.000029
3.900776 0.000188
3.905777 0.000212
3.910778 -0.000327
3.915779 -0.000198
3.920780 0.000212
3.925781 0.000077
3.930782 0.000052
3.935783 -0.000023
3.940784 0.000179
3.945785 0.000056
3.950786 -0.000263
3.955787 0.000012
3.960788 0.000477
3.965789 0.000325
3.970790 -0.000474
3.975791 -0.000375
3.980792 0.000190
3.985793 0.000284
3.990794 -0.000023
3.995795 -0.000128
4.000796 0.000102
4.005797 0.000143
4.010798 -0.000140
4.015799 -0.000210
4.020800 0.000309
4.025801 0.000180
4.030802 -0.000111
4.035803 -0.000017
4.040804 0.000061
4.045805 0.000108
4.050806 -0.000174
4.055807 -0.000163
4.060808 0.000244
4.065809 0.000196
4.070810 -0.000174
4.075811 -0.000062
4.080812 0.000354
4.085813 0.000244
4.090814 -0.000128
4.095815 0.000042
4.100816 0.000297
4.105817 -0.000079
4.110818 -0.000460
4.115819 -0.000063
4.120820 0.000190
4.125821 0.000073
4.130822 -0.000051
4.135823 -0.000203
4.140824 0.000002
4.145825 0.000007
4.150826 -0.000245
4.155827 -0.000215
4.160828 0.000021
4.165829 -0.000073
4.170830 -0.000162
4.175831 0.000196
4.180832 0.000231
4.185833 0.000148
4.190833 -0.000121
4.195834 -0.000132
4.200835 0.000244
4.205836 0.000027
4.210837 -0.000174
4.215838 -0.000132
4.220839 0.000039
4.225840 -0.000044
4.230841 -0.000444
4.235842 -0.000280
4.240843 0.000103
4.245844 0.000103
4.250845 -0.000198
4.255846 -0.000379
4.260847 0.000004
4.265848 0.000184
4.270849 -0.000350
4.275850 -0.000185
4.280851 0.000250
4.285852 0.000031
4.290853 -0.000286
4.295854 -0.000273
4.300855 0.000033
4.305856 -0.000043
4.310857 -0.000444
4.315858 -0.000287
4.320859 0.000442
4.325860 0.000228
4.330861 -0.000272
4.335862 -0.000103
4.340863 0.000028
4.345864 0.000185
4.350865 -0.000138
4.355866 -0.000244
4.360867 0.000207
4.365868 0.000209
4.370869 -0.000261
4.375870 -0.000362
4.380871 0.000292
4.385872 0.000392
4.390873 -0.000121
4.395874 0.000019
4.400875 0.000237
4.405876 -0.000048
4.410877 -0.000372
4.415878 -0.000016
4.420879 0.000367
4.425880 0.000057
4.430881 -0.000132
4.435882 -0.000104
4.440883 0.000257
4.445884 0.000139
4.450885 -0.000315
4.455886 -0.000385
4.460887 -0.000137
4.465888 0.000309
4.470889 -0.000066
4.475890 -0.000144
4.480891 0.000232
4.485892 -0.000077
4.490893 -0.000267
4.495894 -0.000237
4.500895 0.000229
4.505896 0.000334
4.510897 -0.000154
4.515898 0.000004
4.520899 0.000245
4.525900 0.000121
4.530901 -0.000114
4.535902 -0.000202
4.540903 0.000093
4.545904 0.000152
4.550905 -0.000320
4.555906 -0.000273
4.560907 0.000256
4.565908 -0.000031
4.570909 -0.000166
4.575910 0.000078
4.580911 0.000081
4.585912 0.000158
4.590913 -0.000103
4.595914 -0.000132
4.600915 0.000081
4.605916 0.000139
4.610917 -0.000060
4.615918 -0.000301
4.620919 0.000216
4.625920 0.000238
4.630921 -0.000372
4.635922 -0.000014
4.640923 0.000398
4.645924 -0.000052
4.650925 -0.000225
4.655926 0.000044
4.660927 0.000315
4.665928 0.000040
4.670929 -0.000283
4.675930 -0.000019
4.680931 0.000017
4.685932 -0.000159
4.690933 -0.000436
4.695934 -0.000220
4.700935 0.000146
4.705936 -0.000095
4.710937 -0.000290
4.715938 -0.000230
4.720939 0.000192
4.725940 0.000146
4.730941 -0.000371
4.735942 -0.000166
4.740943 0.000328
4.745944 0.000333
4.750945 -0.000107
4.755946 -0.000018
4.760947 0.000199
4.765948 0.000047
4.770949 -0.000025
4.775950 -0.000049
4.780951 0.000129
4.785952 0.000145
4.790953 -0.000141
4.795954 -0.000183
4.800955 0.000148
4.805956 0.000141
4.810957 -0.000288
4.815958 -0.000401
4.820959 0.000021
4.825960 0.000112
4.830961 -0.000330
4.835962 -0.000028
4.840963 0.000512
4.845964 0.000257
4.850965 0.000012
4.855966 0.000039
4.860967 0.000042
4.865968 0.000091
4.870969 -0.000232
4.875970 -0.000517
4.880971 -0.000066
4.885972 0.000521
4.890973 0.000600
4.895974 0.000384
4.900975 0.000517
4.905976 -0.000129
4.910977 -0.001274
4.915978 -0.001046
4.920979 -0.000109
4.925980 0.000617
4.930981 0.000529
4.935982 0.000176
4.940983 0.000059
4.945984 -0.000382
4.950985 -0.000600
4.955986 -0.000529
4.960987 0.000090
4.965988 0.000428
4.970989 -0.000480
4.975990 -0.000815
4.980991 -0.000873
4.985992 -0.001525
4.990993 -0.001360
4.995994 -0.000957
5.000995 -0.001040
5.005996 -0.000842
5.010997 -0.000378
5.015998 0.000438
5.020999 0.001721
5.026000 0.003254
5.031001 0.004617
5.036002 0.005886
5.041003 0.006072
5.046004 0.003422
5.051005 0.001603
5.056006 0.001800
5.061007 0.000995
5.066008 -0.002057
5.071009 -0.006326
5.076010 -0.008307
5.081011 -0.008529
5.086012 -0.007981
5.091013 -0.008112
5.096014 -0.007236
5.101015 -0.003222
5.106016 -0.000262
5.111017 0.001485
5.116018 0.002721
5.121019 0.003397
5.126019 0.004127
5.131020 0.005604
5.136021 0.008058
5.141022 0.009123
5.146023 0.006993
5.151024 0.003326
5.156025 -0.000414
5.161026 -0.003835
5.166027 -0.002520
5.171028 -0.000049
5.176029 -0.002738
5.181030 -0.002370
5.186031 0.001137
5.191032 -0.003759
5.196033 -0.007200
5.201034 -0.002765
5.206035 0.000568
5.211036 0.006310
5.216037 0.006785
5.221038 -0.000511
5.226039 -0.002478
5.231040 0.000588
5.236041 0.004130
5.241042 0.004641
5.246043 0.004616
5.251044 0.003080
5.256045 0.000296
5.261046 -0.003399
5.266047 -0.013317
5.271048 -0.018375
5.276049 -0.011534
5.281050 -0.004291
5.286051 -0.002666
5.291052 0.000593
5.296053 0.002473
5.301054 0.000474
5.306055 0.005074
5.311056 0.010017
5.316057 0.010017
5.321058 0.012187
5.326059 0.010142
5.331060 -0.000468
5.336061 -0.005849
5.341062 -0.003222
5.346063 0.000390
5.351064 0.004794
5.356065 0.004020
5.361066 -0.003345
5.366067 -0.006549
5.371068 -0.003698
5.376069 -0.000077
5.381070 0.003920
5.386071 0.006180
5.391072 0.006381
5.396073 0.003487
5.401074 -0.003858
5.406075 -0.011019
5.411076 -0.011943
5.416077 -0.003248
5.421078 0.004842
5.426079 0.006892
5.431080 0.007710
5.436081 0.006561
5.441082 0.002532
5.446083 -0.004576
5.451084 -0.009907
5.456085 -0.010371
5.461086 -0.007983
5.466087 -0.005648
5.471088 -0.009004
5.476089 -0.014338
5.481090 -0.008119
5.486091 0.007415
5.491092 0.014990
5.496093 0.011970
5.501094 0.006025
5.506095 0.000781
5.511096 -0.001229
5.516097 0.003656
5.521098 0.008993
5.526099 0.009002
5.531100 0.012991
5.536101 0.015911
5.541102 0.010169
5.546103 0.005024
5.551104 0.002300
5.556105 0.000855
5.561106 -0.000625
5.566107 -0.007658
5.571108 -0.014397
5.576109 -0.017804
5.581110 -0.020848
5.586111 -0.021091
5.591112 -0.012942
5.596113 0.002089
5.601114 0.010264
5.606115 0.011117
5.611116 0.005988
5.616117 -0.003622
5.621118 -0.006800
5.626119 -0.006300
5.631120 -0.006564
5.636121 -0.000410
5.641122 0.009281
5.646123 0.009518
5.651124 0.004854
5.656125 0.004530
5.661126 0.005653
5.666127 0.005129
5.671128 0.003382
5.676129 0.000760
5.681130 -0.001321
5.686131 -0.000802
5.691132 0.000917
5.696133 0.004115
5.701134 0.008772
5.706135 0.011403
5.711136 0.009391
5.716137 0.003072
5.721138 -0.006848
5.726139 -0.018637
5.731140 -0.023491
5.736141 -0.017871
5.741142 -0.009115
5.746143 -0.002990
5.751144 -0.002264
5.756145 0.000153
5.761146 0.006303
5.766147 0.006220
5.771148 0.002061
5.776149 -0.000234
5.781150 -0.003260
5.786151 -0.010978
5.791152 -0.017128
5.796153 -0.016213
5.801154 -0.009691
5.806155 -0.000083
5.811156 0.005235
5.816157 0.008513
5.821158 0.013906
5.826159 0.015865
5.831160 0.014722
5.836161 0.013813
5.841162 0.013745
5.846163 0.015654
5.851164 0.017597
5.856165 0.013324
5.861166 0.004678
5.866167 0.000652
5.871168 0.004392
5.876169 0.007526
5.881170 -0.004472
5.886171 -0.021591
5.891172 -0.030687
5.896173 -0.029163
5.901174 -0.015028
5.906175 -0.007418
5.911176 -0.008486
5.916177 -0.002225
5.921178 0.005820
5.926179 0.006957
5.931180 0.006536
5.936181 0.008210
5.941182 0.007765
5.946183 0.000713
5.951184 -0.008349
5.956185 -0.011748
5.961186 -0.011465
5.966187 -0.012201
5.971188 -0.016175
5.976189 -0.014792
5.981190 -0.003420
5.986191 0.007799
5.991192 0.008280
5.996193 0.001856
6.001194 0.000863
6.006195 0.008674
6.011196 0.022966
6.016197 0.032298
6.021198 0.030053
6.026199 0.021891
6.031200 0.015273
6.036201 0.009323
6.041202 0.001566
6.046203 -0.001930
6.051204 -0.003642
6.056204 -0.007373
6.061205 -0.013959
6.066206 -0.023412
6.071207 -0.029533
6.076208 -0.029327
6.081209 -0.028380
6.086210 -0.030800
6.091211 -0.030947
6.096212 -0.020099
6.101213 0.003147
6.106214 0.020897
6.111215 0.020590
6.116216 0.017829
6.121217 0.018189
6.126218 0.011440
6.131219 0.000253
6.136220 -0.007308
6.141221 -0.010409
6.146222 -0.011150
6.151223 -0.009106
6.156224 -0.001617
6.161225 0.010095
6.166226 0.017599
6.171227 0.018281
6.176228 0.017229
6.181229 0.018653
6.186230 0.023463
6.191231 0.024968
6.196232 0.017467
6.201233 0.004153
6.206234 -0.008335
6.211235 -0.014460
6.216236 -0.014775
6.221237 -0.014022
6.226238 -0.012421
6.231239 -0.013101
6.236240 -0.017250
6.241241 -0.017428
6.246242 -0.013735
6.251243 -0.011079
6.256244 -0.008216
6.261245 -0.002614
6.266246 0.001233
6.271247 0.001456
6.276248 0.004643
6.281249 0.008264
6.286250 0.008713
6.291251 0.007599
6.296252 0.006266
6.301253 0.009230
6.306254 0.009124
6.311255 0.004957
6.316256 0.008432
6.321257 0.017112
6.326258 0.024936
6.331259 0.026347
6.336260 0.019575
6.341261 0.009484
6.346262 -0.002182
6.351263 -0.013357
6.356264 -0.021850
6.361265 -0.025773
6.366266 -0.022612
6.371267 -0.019061
6.376268 -0.019076
6.381269 -0.013935
6.386270 -0.002734
6.391271 0.003561
6.396272 -0.003804
6.401273 -0.018015
6.406274 -0.024304
6.411275 -0.017250
6.416276 -0.003814
6.421277 0.005150
6.426278 0.005947
6.431279 0.002782
6.436280 -0.000019
6.441281 -0.004387
6.446282 -0.009838
6.451283 -0.013455
6.456284 -0.012779
6.461285 -0.006470
6.466286 0.007227
6.471287 0.023379
6.476288 0.033070
6.481289 0.039930
6.486290 0.043706
6.491291 0.041597
6.496292 0.035041
6.501293 0.025819
6.506294 0.015901
6.511295 0.003767
6.516296 -0.006758
6.521297 -0.013586
6.526298 -0.018246
6.531299 -0.020139
6.536300 -0.021776
6.541301 -0.019842
6.546302 -0.012383
6.551303 -0.002002
6.556304 0.012933
6.561305 0.022807
6.566306 0.014880
6.571307 -0.004917
6.576308 -0.023708
6.581309 -0.038285
6.586310 -0.045791
6.591311 -0.042195
6.596312 -0.030665
6.601313 -0.015057
6.606314 0.000580
6.611315 0.011522
6.616316 0.016966
6.621317 0.019526
6.626318 0.016553
6.631319 0.007527
6.636320 0.003713
6.641321 0.009853
6.646322 0.017341
6.651323 0.017948
6.656324 0.011083
6.661325 0.002437
6.666326 -0.001749
6.671327 -0.001925
6.676328 -0.001371
6.681329 -0.001019
6.686330 -0.000692
6.691331 0.002626
6.696332 0.008111
6.701333 0.008809
6.706334 0.000218
6.711335 -0.012166
6.716336 -0.016990
6.721337 -0.013485
6.726338 -0.008449
6.731339 -0.007230
6.736340 -0.011023
6.741341 -0.014890
6.746342 -0.013192
6.751343 -0.006457
6.756344 -0.000988
6.761345 -0.000286
6.766346 -0.000082
6.771347 0.001929
6.776348 0.000569
6.781349 -0.004294
6.786350 -0.007368
6.791351 -0.003236
6.796352 0.007669
6.801353 0.019777
6.806354 0.029867
6.811355 0.034282
6.816356 0.030294
6.821357 0.019153
6.826358 0.006525
6.831359 -0.003379
6.836360 -0.005765
6.841361 0.004407
6.846362 0.020651
6.851363 0.031846
6.856364 0.030167
6.861365 0.013239
6.866366 -0.013389
6.871367 -0.040619
6.876368 -0.058867
6.881369 -0.062392
6.886370 -0.050881
6.891371 -0.030611
6.896372 -0.013478
6.901373 -0.007010
6.906374 -0.012440
6.911375 -0.024816
6.916376 -0.034162
6.921377 -0.034435
6.926378 -0.026666
6.931379 -0.017688
6.936380 -0.013153
6.941381 -0.011799
6.946382 -0.008238
6.951383 0.001161
6.956384 0.012707
6.961385 0.021408
6.966386 0.026534
6.971387 0.030101
6.976388 0.034595
6.981389 0.039249
6.986389 0.040901
6.991390 0.037568
6.996391 0.030823
7.001392 0.018802
7.006393 0.002553
7.011394 -0.012478
7.016395 -0.025153
7.021396 -0.031257
7.026397 -0.027221
7.031398 -0.014246
7.036399 0.004110
7.041400 0.022028
7.046401 0.032585
7.051402 0.033936
7.056403 0.030197
7.061404 0.025050
7.066405 0.021750
7.071406 0.020316
7.076407 0.019361
7.081408 0.017126
7.086409 0.011011
7.091410 0.000906
7.096411 -0.010397
7.101412 -0.019335
7.106413 -0.023787
7.111414 -0.024873
7.116415 -0.028870
7.121416 -0.041044
7.126417 -0.059501
7.131418 -0.077060
7.136419 -0.087807
7.141420 -0.084609
7.146421 -0.066094
7.151422 -0.036164
7.156423 0.000375
7.161424 0.033944
7.166425 0.066241
7.171426 0.098995
7.176427 0.135717
7.181428 0.179215
7.186429 0.221143
7.191430 0.263429
7.196431 0.304346
7.201432 0.338329
7.206433 0.356255
7.211434 0.342855
7.216435 0.294357
7.221436 0.214479
7.226437 0.108528
7.231438 -0.014002
7.236439 -0.139900
7.241440 -0.265224
7.246441 -0.383264
7.251442 -0.473313
7.256443 -0.518000
7.261444 -0.498550
7.266445 -0.410554
7.271446 -0.277937
7.276447 -0.133313
7.281448 -0.019287
7.286449 0.044385
7.291450 0.059743
7.296451 0.040353
7.301452 0.010411
7.306453 -0.025781
7.311454 -0.052279
7.316455 -0.062851
7.321456 -0.058242
7.326457 -0.044072
7.331458 -0.026529
7.336459 0.003993
7.341460 0.034514
7.346461 0.073362
7.351462 0.116451
7.356463 0.158627
7.361464 0.202197
7.366465 0.237257
7.371466 0.268171
7.376467 0.274604
7.381468 0.253150
7.386469 0.201618
7.391470 0.119966
7.396471 0.021821
7.401472 -0.081569
7.406473 -0.169295
7.411474 -0.232587
7.416475 -0.263233
7.421476 -0.258582
7.426477 -0.221373
7.431478 -0.162845
7.436479 -0.097629
7.441480 -0.039584
7.446481 -0.000602
7.451482 0.014455
7.456483 0.005281
7.461484 -0.029108
7.466485 -0.082429
7.471486 -0.134219
7.476487 -0.170991
7.481488 -0.176894
7.486489 -0.144422
7.491490 -0.075885
7.496491 0.016160
7.501492 0.110047
7.506493 0.184933
7.511494 0.223640
7.516495 0.225651
7.521496 0.200352
7.526497 0.158190
7.531498 0.103657
7.536499 0.051647
7.541500 0.002286
7.546501 -0.043240
7.551502 -0.064428
7.556503 -0.059988
7.561504 -0.029042
7.566505 0.010820
7.571506 0.036009
7.576507 0.040916
7.581508 0.017616
7.586509 -0.029829
7.591510 -0.085760
7.596511 -0.129029
7.601512 -0.142872
7.606513 -0.117837
7.611514 -0.050771
7.616515 0.042806
7.621516 0.143200
7.626517 0.228563
7.631518 0.275713
7.636519 0.273767
7.641520 0.225020
7.646521 0.150514
7.651522 0.073221
7.656523 0.010011
7.661524 -0.027367
7.666525 -0.040931
7.671526 -0.038025
7.676527 -0.035174
7.681528 -0.046366
7.686529 -0.071497
7.691530 -0.108030
7.696531 -0.144426
7.701532 -0.168800
7.706533 -0.168995
7.711534 -0.136702
7.716535 -0.078361
7.721536 -0.007355
7.726537 0.058782
7.731538 0.106590
7.736539 0.127433
7.741540 0.119398
7.746541 0.084777
7.751542 0.032378
7.756543 -0.027107
7.761544 -0.080180
7.766545 -0.109219
7.771546 -0.104622
7.776547 -0.067175
7.781548 -0.012871
7.786549 0.040241
7.791550 0.076413
7.796551 0.087376
7.801552 0.068056
7.806553 0.013812
7.811554 -0.068446
7.816555 -0.160714
7.821556 -0.236713
7.826557 -0.282133
7.831558 -0.289847
7.836559 -0.255373
7.841560 -0.182337
7.846561 -0.084647
7.851562 0.019776
7.856563 0.118564
7.861564 0.187150
7.866565 0.204649
7.871566 0.167976
7.876567 0.086952
7.881568 -0.013223
7.886569 -0.105895
7.891570 -0.163341
7.896571 -0.158395
7.901572 -0.085754
7.906573 0.042822
7.911574 0.194143
7.916574 0.325718
7.921575 0.416067
7.926576 0.446517
7.931577 0.410216
7.936578 0.321703
7.941579 0.202620
7.946580 0.070736
7.951581 -0.060003
7.956582 -0.174904
7.961583 -0.266060
7.966584 -0.329889
7.971585 -0.352134
7.976586 -0.320940
7.981587 -0.242647
7.986588 -0.122510
7.991589 0.003626
7.996590 0.091767
8.001591 0.121595
8.006592 0.086628
8.011593 0.015385
8.016594 -0.061734
8.021595 -0.118156
8.026596 -0.141038
8.031597 -0.128813
8.036598 -0.082622
8.041599 -0.019533
8.046600 0.056236
8.051601 0.132899
8.056602 0.196602
8.061603 0.239596
8.066604 0.248693
8.071605 0.224217
8.076606 0.176380
8.081607 0.116847
8.086608 0.060358
8.091609 0.030063
8.096610 0.032907
8.101611 0.049616
8.106612 0.048095
8.111613 -0.007529
8.116614 -0.118219
8.121615 -0.244816
8.126616 -0.344479
8.131617 -0.380106
8.136618 -0.326745
8.141619 -0.185449
8.146620 -0.001169
8.151621 0.153749
8.156622 0.227579
8.161623 0.210586
8.166624 0.137499
8.171625 0.063354
8.176626 0.038182
8.181627 0.069858
8.186628 0.119542
8.191629 0.149884
8.196630 0.138310
8.201631 0.082191
8.206632 0.005251
8.211633 -0.063301
8.216634 -0.096777
8.221635 -0.088364
8.226636 -0.061509
8.231637 -0.032870
8.236638 -0.018423
8.241639 -0.033600
8.246640 -0.073412
8.251641 -0.128889
8.256642 -0.178406
8.261643 -0.198674
8.266644 -0.184832
8.271645 -0.141828
8.276646 -0.088341
8.281647 -0.041160
8.286648 -0.007639
8.291649 0.010828
8.296650 0.016929
8.301651 0.008741
8.306652 -0.011605
8.311653 -0.039705
8.316654 -0.062280
8.321655 -0.066325
8.326656 -0.046023
8.331657 0.005283
8.336658 0.078125
8.341659 0.152375
8.346660 0.208882
8.351661 0.235500
8.356662 0.236912
8.361663 0.222705
8.366664 0.201054
8.371665 0.177492
8.376666 0.147777
8.381667 0.103333
8.386668 0.037643
8.391669 -0.041371
8.396670 -0.113540
8.401671 -0.158046
8.406672 -0.157714
8.411673 -0.112903
8.416674 -0.042181
8.421675 0.031331
8.426676 0.084288
8.431677 0.100644
8.436678 0.079939
8.441679 0.033639
8.446680 -0.016657
8.451681 -0.051284
8.456682 -0.062594
8.461683 -0.058548
8.466684 -0.050824
8.471685 -0.050777
8.476686 -0.067412
8.481687 -0.094459
8.486688 -0.120637
8.491689 -0.128396
8.496690 -0.107799
8.501691 -0.068496
8.506692 -0.026290
8.511693 0.008081
8.516694 0.032629
8.521695 0.046446
8.526696 0.054811
8.531697 0.063796
8.536698 0.072801
8.541699 0.078324
8.546700 0.072959
8.551701 0.054420
8.556702 0.028829
8.561703 0.000511
8.566704 -0.027828
8.571705 -0.050818
8.576706 -0.062186
8.581707 -0.057196
8.586708 -0.036678
8.591709 -0.007650
8.596710 0.020776
8.601711 0.039912
8.606712 0.047427
8.611713 0.047621
8.616714 0.047716
8.621715 0.048562
8.626716 0.046343
8.631717 0.040183
8.636718 0.027547
8.641719 0.011678
8.646720 -0.006733
8.651721 -0.032377
8.656722 -0.064733
8.661723 -0.098506
8.666724 -0.126278
8.671725 -0.145211
8.676726 -0.151827
8.681727 -0.142656
8.686728 -0.119281
8.691729 -0.085509
8.696730 -0.048494
8.701731 -0.014856
8.706732 0.013368
8.711733 0.038130
8.716734 0.060116
8.721735 0.075961
8.726736 0.084138
8.731737 0.086349
8.736738 0.087282
8.741739 0.086332
8.746740 0.080302
8.751741 0.067443
8.756742 0.044268
8.761743 0.014248
8.766744 -0.015449
8.771745 -0.032422
8.776746 -0.028966
8.781747 -0.008110
8.786748 0.022252
8.791749 0.049129
8.796750 0.063694
8.801751 0.062713
8.806752 0.049260
8.811753 0.029829
8.816754 0.010465
8.821755 -0.006654
8.826756 -0.023140
8.831757 -0.038452
8.836758 -0.050946
8.841759 -0.060179
8.846759 -0.065215
8.851760 -0.062826
8.856761 -0.046830
8.861762 -0.014617
8.866763 0.025030
8.871764 0.061391
8.876765 0.081804
8.881766 0.080097
8.886767 0.061791
8.891768 0.036324
8.896769 0.017083
8.901770 0.008526
8.906771 0.007463
8.911772 0.007076
8.916773 0.003322
8.921774 -0.004732
8.926775 -0.017167
8.931776 -0.027844
8.936777 -0.033955
8.941778 -0.035390
8.946779 -0.034094
8.951780 -0.030034
8.956781 -0.026223
8.961782 -0.027338
8.966783 -0.030790
8.971784 -0.035065
8.976785 -0.035756
8.981786 -0.029778
8.986787 -0.018675
8.991788 -0.006969
8.996789 -0.000896
9.001790 -0.004271
9.006791 -0.014139
9.011792 -0.023583
9.016793 -0.025906
9.021794 -0.014375
9.026795 0.007841
9.031796 0.034945
9.036797 0.061827
9.041798 0.082990
9.046799 0.093723
9.051800 0.091449
9.056801 0.078559
9.061802 0.055973
9.066803 0.027891
9.071804 0.001236
9.076805 -0.019141
9.081806 -0.033018
9.086807 -0.043553
9.091808 -0.053698
9.096809 -0.063658
9.101810 -0.071685
9.106811 -0.075978
9.111812 -0.071325
9.116813 -0.052415
9.121814 -0.018628
9.126815 0.021642
9.131816 0.056851
9.136817 0.079482
9.141818 0.084939
9.146819 0.073896
9.151820 0.051110
9.156821 0.023054
9.161822 -0.003786
9.166823 -0.025391
9.171824 -0.038193
9.176825 -0.040215
9.181826 -0.033242
9.186827 -0.019670
9.191828 -0.002628
9.196829 0.011814
9.201830 0.017014
9.206831 0.009263
9.211832 -0.010610
9.216833 -0.036890
9.221834 -0.064267
9.226835 -0.090168
9.231836 -0.111663
9.236837 -0.125373
9.241838 -0.129307
9.246839 -0.124006
9.251840 -0.108495
9.256841 -0.081993
9.261842 -0.046376
9.266843 -0.003830
9.271844 0.040394
9.276845 0.081056
9.281846 0.112904
9.286847 0.131071
9.291848 0.136436
9.296849 0.131521
9.301850 0.120621
9.306851 0.108344
9.311852 0.098099
9.316853 0.092704
9.321854 0.091711
9.326855 0.091555
9.331856 0.087493
9.336857 0.077552
9.341858 0.060353
9.346859 0.037774
9.351860 0.013019
9.356861 -0.011059
9.361862 -0.033118
9.366863 -0.054128
9.371864 -0.074875
9.376865 -0.095702
9.381866 -0.115094
9.386867 -0.132820
9.391868 -0.143390
9.396869 -0.143176
9.401870 -0.131550
9.406871 -0.109871
9.411872 -0.083287
9.416873 -0.055089
9.421874 -0.029820
9.426875 -0.006807
9.431876 0.016479
9.436877 0.044055
9.441878 0.077419
9.446879 0.111930
9.451880 0.143350
9.456881 0.165662
9.461882 0.171901
9.466883 0.158223
9.471884 0.129312
9.476885 0.091935
9.481886 0.053863
9.486887 0.022060
9.491888 -0.001829
9.496889 -0.018146
9.501890 -0.030619
9.506891 -0.041525
9.511892 -0.051742
9.516893 -0.060541
9.521894 -0.066605
9.526895 -0.070519
9.531896 -0.070301
9.536897 -0.063627
9.541898 -0.054388
9.546899 -0.049762
9.551900 -0.049486
9.556901 -0.052458
9.561902 -0.056010
9.566903 -0.055233
9.571904 -0.048395
9.576905 -0.033449
9.581906 -0.011263
9.586907 0.018681
9.591908 0.054753
9.596909 0.094723
9.601910 0.133693
9.606911 0.161967
9.611912 0.173299
9.616913 0.162975
9.621914 0.132201
9.626915 0.082237
9.631916 0.021033
9.636917 -0.040825
9.641918 -0.095915
9.646919 -0.134216
9.651920 -0.154057
9.656921 -0.154117
9.661922 -0.139267
9.666923 -0.115673
9.671924 -0.090403
9.676925 -0.071689
9.681926 -0.060165
9.686927 -0.063249
9.691928 -0.077264
9.696929 -0.093879
9.701930 -0.104433
9.706931 -0.101379
9.711932 -0.085146
9.716933 -0.052230
9.721934 -0.009169
9.726935 0.037481
9.731936 0.082801
9.736937 0.122363
9.741938 0.152009
9.746939 0.164599
9.751940 0.160604
9.756941 0.142828
9.761942 0.116327
9.766943 0.083097
9.771944 0.048273
9.776944 0.020369
9.781945 0.000250
9.786946 -0.012175
9.791947 -0.017079
9.796948 -0.013012
9.801949 -0.000488
9.806950 0.015193
9.811951 0.027954
9.816952 0.032283
9.821953 0.028529
9.826954 0.018439
9.831955 0.001274
9.836956 -0.019210
9.841957 -0.038021
9.846958 -0.051402
9.851959 -0.054858
9.856960 -0.047642
9.861961 -0.033167
9.866962 -0.018973
9.871963 -0.005915
9.876964 0.007019
9.881965 0.015777
9.886966 0.019048
9.891967 0.015633
9.896968 0.008031
9.901969 -0.001050
9.906970 -0.008798
9.911971 -0.012439
9.916972 -0.009715
9.921973 -0.000037
9.926974 0.013411
9.931975 0.029010
9.936976 0.041716
9.941977 0.046761
9.946978 0.042598
9.951979 0.030057
9.956980 0.010694
9.961981 -0.010540
9.966982 -0.030024
9.971983 -0.048213
9.976984 -0.061746
9.981985 -0.072667
9.986986 -0.080341
9.991987 -0.081532
9.996988 -0.074848
10.001989 -0.058187
10.006990 -0.036526
10.011991 -0.013516
10.016992 0.006500
10.021993 0.017419
10.026994 0.018092
10.031995 0.011193
10.036996 0.001691
10.041997 -0.006337
10.046998 -0.011000
10.051999 -0.010946
10.057000 -0.006474
10.062001 -0.001947
10.067002 0.002125
10.072003 0.006630
10.077004 0.011391
10.082005 0.016201
10.087006 0.018504
10.092007 0.017996
10.097008 0.013530
10.102009 0.006829
10.107010 -0.001149
10.112011 -0.011426
10.117012 -0.020720
10.122013 -0.027415
10.127014 -0.031309
10.132015 -0.032595
10.137016 -0.029486
10.142017 -0.020957
10.147018 -0.008600
10.152019 0.006738
10.157020 0.023657
10.162021 0.039753
10.167022 0.052510
10.172023 0.062717
10.177024 0.070679
10.182025 0.073901
10.187026 0.070687
10.192027 0.061635
10.197028 0.048676
10.202029 0.034389
10.207030 0.021915
10.212031 0.012463
10.217032 0.007281
10.222033 0.006328
10.227034 0.009010
10.232035 0.013876
10.237036 0.017810
10.242037 0.018610
10.247038 0.013100
10.252039 0.003398
10.257040 -0.007071
10.262041 -0.017318
10.267042 -0.027312
10.272043 -0.036994
10.277044 -0.044791
10.282045 -0.051246
10.287046 -0.055678
10.292047 -0.057953
10.297048 -0.054804
10.302049 -0.044926
10.307050 -0.031730
10.312051 -0.015286
10.317052 0.001949
10.322053 0.017378
10.327054 0.030446
10.332055 0.040376
10.337056 0.044977
10.342057 0.044705
10.347058 0.038624
10.352059 0.024653
10.357060 0.005551
10.362061 -0.014962
10.367062 -0.034684
10.372063 -0.051945
10.377064 -0.062558
10.382065 -0.067033
10.387066 -0.065205
10.392067 -0.058283
10.397068 -0.048972
10.402069 -0.036164
10.407070 -0.021813
10.412071 -0.004709
10.417072 0.014342
10.422073 0.033095
10.427074 0.048678
10.432075 0.056798
10.437076 0.058662
10.442077 0.053964
10.447078 0.042454
10.452079 0.026769
10.457080 0.010650
10.462081 -0.004734
10.467082 -0.019611
10.472083 -0.032670
10.477084 -0.042437
10.482085 -0.046259
10.487086 -0.043516
10.492087 -0.032561
10.497088 -0.012388
10.502089 0.012027
10.507090 0.033909
10.512091 0.049493
10.517092 0.056409
10.522093 0.053698
10.527094 0.042664
10.532095 0.025747
10.537096 0.007216
10.542097 -0.011132
10.547098 -0.026575
10.552099 -0.035746
10.557100 -0.037570
10.562101 -0.031904
10.567102 -0.020557
10.572103 -0.005939
10.577104 0.009110
10.582105 0.023931
10.587106 0.036463
10.592107 0.043831
10.597108 0.043580
10.602109 0.033267
10.607110 0.014219
10.612111 -0.008940
10.617112 -0.030260
10.622113 -0.046352
10.627114 -0.057078
10.632115 -0.061442
10.637116 -0.056808
10.642117 -0.045943
10.647118 -0.033645
10.652119 -0.021423
10.657120 -0.008737
10.662121 0.003558
10.667122 0.012508
10.672123 0.018282
10.677124 0.019364
10.682125 0.014473
10.687126 0.005824
10.692127 -0.004614
10.697128 -0.013223
10.702129 -0.015597
10.707130 -0.009022
10.712130 0.007674
10.717131 0.033461
10.722132 0.063544
10.727133 0.091650
10.732134 0.112185
10.737135 0.120389
10.742136 0.114337
10.747137 0.095538
10.752138 0.067335
10.757139 0.034645
10.762140 -0.000132
10.767141 -0.035032
10.772142 -0.062463
10.777143 -0.079102
10.782144 -0.087741
10.787145 -0.091275
10.792146 -0.089811
10.797147 -0.081735
10.802148 -0.072142
10.807149 -0.064577
10.812150 -0.057616
10.817151 -0.051233
10.822152 -0.046447
10.827153 -0.042330
10.832154 -0.034944
10.837155 -0.023715
10.842156 -0.007758
10.847157 0.013292
10.852158 0.037886
10.857159 0.063541
10.862160 0.085644
10.867161 0.101742
10.872162 0.109036
10.877163 0.107471
10.882164 0.097891
10.887165 0.080440
10.892166 0.060668
10.897167 0.043747
10.902168 0.030301
10.907169 0.020879
10.912170 0.013868
10.917171 0.007024
10.922172 -0.001118
10.927173 -0.012992
10.932174 -0.027107
10.937175 -0.041337
10.942176 -0.054081
10.947177 -0.065479
10.952178 -0.074660
10.957179 -0.079402
10.962180 -0.083160
10.967181 -0.086176
10.972182 -0.087147
10.977183 -0.085714
10.982184 -0.080365
10.987185 -0.071450
10.992186 -0.059039
10.997187 -0.043565
11.002188 -0.028362
11.007189 -0.014669
11.012190 -0.001898
11.017191 0.009808
11.022192 0.022835
11.027193 0.038638
11.032194 0.057954
11.037195 0.079975
11.042196 0.102208
11.047197 0.120856
11.052198 0.132137
11.057199 0.133361
11.062200 0.123764
11.067201 0.104546
11.072202 0.076819
11.077203 0.044678
11.082204 0.011031
11.087205 -0.022427
11.092206 -0.053351
11.097207 -0.079854
11.102208 -0.099874
11.107209 -0.112710
11.112210 -0.117357
11.117211 -0.110566
11.122212 -0.093033
11.127213 -0.069560
11.132214 -0.043218
11.137215 -0.017931
11.142216 0.002586
11.147217 0.015679
11.152218 0.021597
11.157219 0.022924
11.162220 0.021741
11.167221 0.020126
11.172222 0.022507
11.177223 0.029932
11.182224 0.040444
11.187225 0.054051
11.192226 0.067770
11.197227 0.081382
11.202228 0.092777
11.207229 0.097975
11.212230 0.097964
11.217231 0.093240
11.222232 0.084726
11.227233 0.073410
11.232234 0.058658
11.237235 0.040348
11.242236 0.018268
11.247237 -0.006518
11.252238 -0.030981
11.257239 -0.052566
11.262240 -0.068981
11.267241 -0.079740
11.272242 -0.082744
11.277243 -0.077348
11.282244 -0.067078
11.287245 -0.054153
11.292246 -0.039443
11.297247 -0.025258
11.302248 -0.013969
11.307249 -0.006370
11.312250 -0.003578
11.317251 -0.005596
11.322252 -0.013521
11.327253 -0.024825
11.332254 -0.036570
11.337255 -0.046834
11.342256 -0.053226
11.347257 -0.056337
11.352258 -0.054348
11.357259 -0.048169
11.362260 -0.040983
11.367261 -0.035820
11.372262 -0.033509
11.377263 -0.032902
11.382264 -0.032994
11.387265 -0.032398
11.392266 -0.032118
11.397267 -0.030813
11.402268 -0.027871
11.407269 -0.023389
11.412270 -0.016524
11.417271 -0.007817
11.422272 0.001801
11.427273 0.010378
11.432274 0.017190
11.437275 0.020884
11.442276 0.019746
11.447277 0.011786
11.452278 -0.002597
11.457279 -0.020980
11.462280 -0.043230
11.467281 -0.066179
11.472282 -0.086406
11.477283 -0.099694
11.482284 -0.102399
11.487285 -0.094159
11.492286 -0.073174
11.497287 -0.041712
11.502288 -0.005394
11.507289 0.029668
11.512290 0.059119
11.517291 0.082234
11.522292 0.098747
11.527293 0.109128
11.532294 0.115399
11.537295 0.120030
11.542296 0.123813
11.547297 0.126522
11.552298 0.126128
11.557299 0.122291
11.562300 0.115894
11.567301 0.105916
11.572302 0.093754
11.577303 0.080410
11.582304 0.066890
11.587305 0.052792
11.592306 0.037526
11.597307 0.024314
11.602308 0.013823
11.607309 0.004533
11.612310 -0.001413
11.617311 -0.002147
11.622312 0.000444
11.627313 0.005990
11.632314 0.012490
11.637315 0.018340
11.642315 0.022461
11.647316 0.021159
11.652317 0.014884
11.657318 0.004926
11.662319 -0.007766
11.667320 -0.021314
11.672321 -0.033230
11.677322 -0.040742
11.682323 -0.044312
11.687324 -0.044692
11.692325 -0.042493
11.697326 -0.038834
11.702327 -0.035315
11.707328 -0.033272
11.712329 -0.031409
11.717330 -0.028887
11.722331 -0.024965
11.727332 -0.019711
11.732333 -0.014707
11.737334 -0.009372
11.742335 -0.004430
11.747336 -0.002589
11.752337 -0.004595
11.757338 -0.010913
11.762339 -0.021003
11.767340 -0.032692
11.772341 -0.044665
11.777342 -0.053741
11.782343 -0.057191
11.787344 -0.054948
11.792345 -0.047359
11.797346 -0.035067
11.802347 -0.019888
11.807348 -0.006807
11.812349 0.000739
11.817350 0.002426
11.822351 -0.002217
11.827352 -0.013184
11.832353 -0.028403
11.837354 -0.044723
11.842355 -0.059899
11.847356 -0.071935
11.852357 -0.079216
11.857358 -0.079863
11.862359 -0.073439
11.867360 -0.062261
11.872361 -0.046502
11.877362 -0.026793
11.882363 -0.005251
11.887364 0.016458
11.892365 0.035630
11.897366 0.052083
11.902367 0.064364
11.907368 0.068902
11.912369 0.066525
11.917370 0.059683
11.922371 0.048799
11.927372 0.036251
11.932373 0.025256
11.937374 0.017380
11.942375 0.012680
11.947376 0.011297
11.952377 0.013815
11.957378 0.018541
11.962379 0.023974
11.967380 0.027451
11.972381 0.028796
11.977382 0.029205
11.982383 0.026432
11.987384 0.020781
11.992385 0.013369
11.997386 0.006502
12.002387 0.000020
12.007388 -0.006735
12.012389 -0.011356
12.017390 -0.014743
12.022391 -0.016540
12.027392 -0.017120
12.032393 -0.017000
12.037394 -0.015029
12.042395 -0.012745
12.047396 -0.010113
12.052397 -0.006111
12.057398 -0.000289
12.062399 0.007499
12.067400 0.016056
12.072401 0.023804
12.077402 0.030528
12.082403 0.035283
12.087404 0.036929
12.092405 0.036452
12.097406 0.034032
12.102407 0.030552
12.107408 0.026302
12.112409 0.021436
12.117410 0.017144
12.122411 0.012523
12.127412 0.008521
12.132413 0.005480
12.137414 0.003910
12.142415 0.005208
12.147416 0.006892
12.152417 0.007951
12.157418 0.008000
12.162419 0.005372
12.167420 -0.001004
12.172421 -0.010091
12.177422 -0.019552
12.182423 -0.028730
12.187424 -0.036708
12.192425 -0.042019
12.197426 -0.043305
12.202427 -0.040199
12.207428 -0.033319
12.212429 -0.023242
12.217430 -0.010893
12.222431 0.001376
12.227432 0.012002
12.232433 0.021053
12.237434 0.027727
12.242435 0.031801
12.247436 0.032906
12.252437 0.032417
12.257438 0.031731
12.262439 0.030873
12.267440 0.030261
12.272441 0.029605
12.277442 0.029687
12.282443 0.030097
12.287444 0.030038
12.292445 0.028582
12.297446 0.026035
12.302447 0.022736
12.307448 0.016912
12.312449 0.009541
12.317450 0.000379
12.322451 -0.009577
12.327452 -0.019716
12.332453 -0.029482
12.337454 -0.036494
12.342455 -0.041737
12.347456 -0.044930
12.352457 -0.047417
12.357458 -0.048725
12.362459 -0.048564
12.367460 -0.048915
12.372461 -0.047824
12.377462 -0.044999
12.382463 -0.040069
12.387464 -0.034596
12.392465 -0.029070
12.397466 -0.022452
12.402467 -0.016401
12.407468 -0.012088
12.412469 -0.010459
12.417470 -0.010981
12.422471 -0.013401
12.427472 -0.017944
12.432473 -0.023517
12.437474 -0.028695
12.442475 -0.033328
12.447476 -0.037450
12.452477 -0.040454
12.457478 -0.041588
12.462479 -0.041557
12.467480 -0.041706
12.472481 -0.040160
12.477482 -0.036386
12.482483 -0.030380
12.487484 -0.021862
12.492485 -0.011065
12.497486 0.002302
12.502487 0.015848
12.507488 0.027055
12.512489 0.035200
12.517490 0.041095
12.522491 0.044480
12.527492 0.045276
12.532493 0.044707
12.537494 0.042610
12.542495 0.039613
12.547496 0.035020
12.552497 0.028124
12.557498 0.020607
12.562499 0.013258
12.567500 0.006293
12.572500 0.001678
12.577501 0.000512
12.582502 0.001939
12.587503 0.005336
12.592504 0.009864
12.597505 0.015567
12.602506 0.022803
12.607507 0.030094
12.612508 0.036990
12.617509 0.044305
12.622510 0.051697
12.627511 0.058419
12.632512 0.063452
12.637513 0.066444
12.642514 0.066900
12.647515 0.063546
12.652516 0.056796
12.657517 0.047680
12.662518 0.036649
12.667519 0.024714
12.672520 0.014088
12.677521 0.006157
12.682522 0.000639
12.687523 -0.003207
12.692524 -0.006361
12.697525 -0.008624
12.702526 -0.011199
12.707527 -0.014952
12.712528 -0.018090
12.717529 -0.019037
12.722530 -0.017424
12.727531 -0.014776
12.732532 -0.011475
12.737533 -0.008189
12.742534 -0.006450
12.747535 -0.006804
12.752536 -0.008878
12.757537 -0.010293
12.762538 -0.010159
12.767539 -0.009420
12.772540 -0.006963
12.777541 -0.002036
12.782542 0.004031
12.787543 0.009227
12.792544 0.012196
12.797545 0.013511
12.802546 0.012799
12.807547 0.009988
12.812548 0.006428
12.817549 0.002625
12.822550 -0.001128
12.827551 -0.005858
12.832552 -0.011658
12.837553 -0.017531
12.842554 -0.024805
12.847555 -0.034118
12.852556 -0.045461
12.857557 -0.058748
12.862558 -0.073558
12.867559 -0.089486
12.872560 -0.105019
12.877561 -0.117994
12.882562 -0.125884
12.887563 -0.127730
12.892564 -0.122037
12.897565 -0.107728
12.902566 -0.086147
12.907567 -0.058974
12.912568 -0.028955
12.917569 0.002105
12.922570 0.031350
12.927571 0.056090
12.932572 0.075357
12.937573 0.088465
12.942574 0.095518
12.947575 0.095651
12.952576 0.090287
12.957577 0.081137
12.962578 0.067855
12.967579 0.051864
12.972580 0.034722
12.977581 0.017548
12.982582 0.000439
12.987583 -0.016482
12.992584 -0.032178
12.997585 -0.045219
13.002586 -0.055125
13.007587 -0.062781
13.012588 -0.067598
13.017589 -0.068931
13.022590 -0.065798
13.027591 -0.058752
13.032592 -0.048061
13.037593 -0.032943
13.042594 -0.015233
13.047595 0.003430
13.052596 0.022484
13.057597 0.042257
13.062598 0.061270
13.067599 0.077523
13.072600 0.091711
13.077601 0.104262
13.082602 0.114056
13.087603 0.120465
13.092604 0.123843
13.097605 0.125020
13.102606 0.123717
13.107607 0.119253
13.112608 0.112288
13.117609 0.103190
13.122610 0.092784
13.127611 0.080311
13.132612 0.066592
13.137613 0.053112
13.142614 0.038406
13.147615 0.022236
13.152616 0.004873
13.157617 -0.012226
13.162618 -0.028939
13.167619 -0.046058
13.172620 -0.062121
13.177621 -0.076016
13.182622 -0.086752
13.187623 -0.093942
13.192624 -0.097776
13.197625 -0.097531
13.202626 -0.093273
13.207627 -0.086273
13.212628 -0.076831
13.217629 -0.065547
13.222630 -0.053472
13.227631 -0.041529
13.232632 -0.030585
13.237633 -0.020056
13.242634 -0.009747
13.247635 -0.001118
13.252636 0.005354
13.257637 0.009953
13.262638 0.012812
13.267639 0.013136
13.272640 0.009305
13.277641 0.002697
13.282642 -0.005834
13.287643 -0.016736
13.292644 -0.028465
13.297645 -0.040178
13.302646 -0.051167
13.307647 -0.059742
13.312648 -0.064606
13.317649 -0.064878
13.322650 -0.060543
13.327651 -0.053063
13.332652 -0.043296
13.337653 -0.031633
13.342654 -0.020411
13.347655 -0.011596
13.352656 -0.004451
13.357657 0.000961
13.362658 0.004335
13.367659 0.007276
13.372660 0.010481
13.377661 0.015588
13.382662 0.022470
13.387663 0.029506
13.392664 0.037468
13.397665 0.045709
13.402666 0.051704
13.407667 0.054610
13.412668 0.055759
13.417669 0.053843
13.422670 0.048541
13.427671 0.040429
13.432672 0.030065
13.437673 0.019336
13.442674 0.008220
13.447675 -0.002395
13.452676 -0.010983
13.457677 -0.015494
13.462678 -0.015236
13.467679 -0.012567
13.472680 -0.007678
13.477681 -0.000224
13.482682 0.007686
13.487683 0.014606
13.492684 0.020296
13.497685 0.025326
13.502685 0.029394
13.507686 0.031532
13.512687 0.032076
13.517688 0.032001
13.522689 0.031917
13.527690 0.031284
13.532691 0.029983
13.537692 0.028717
13.542693 0.028485
13.547694 0.028147
13.552695 0.027444
13.557696 0.026811
13.562697 0.025509
13.567698 0.023144
13.572699 0.018687
13.577700 0.014644
13.582701 0.011307
13.587702 0.008228
13.592703 0.006544
13.597704 0.006625
13.602705 0.007970
13.607706 0.009195
13.612707 0.009676
13.617708 0.008021
13.622709 0.003872
13.627710 -0.003730
13.632711 -0.013256
13.637712 -0.022333
13.642713 -0.030585
13.647714 -0.037684
13.652715 -0.042582
13.657716 -0.044260
13.662717 -0.044149
13.667718 -0.042704
13.672719 -0.040418
13.677720 -0.036464
13.682721 -0.031477
13.687722 -0.026582
13.692723 -0.020895
13.697724 -0.015214
13.702725 -0.010235
13.707726 -0.006221
13.712727 -0.003116
13.717728 -0.001392
13.722729 -0.000702
13.727730 -0.001537
13.732731 -0.003967
13.737732 -0.007037
13.742733 -0.010730
13.747734 -0.014831
13.752735 -0.019230
13.757736 -0.022680
13.762737 -0.026034
13.767738 -0.029774
13.772739 -0.033790
13.777740 -0.037902
13.782741 -0.041100
13.787742 -0.044401
13.792743 -0.046884
13.797744 -0.046559
13.802745 -0.042716
13.807746 -0.036692
13.812747 -0.028599
13.817748 -0.017649
13.822749 -0.006018
13.827750 0.004598
13.832751 0.014015
13.837752 0.021416
13.842753 0.025785
13.847754 0.027497
13.852755 0.025960
13.857756 0.022145
13.862757 0.015982
13.867758 0.007500
13.872759 -0.000931
13.877760 -0.009204
13.882761 -0.015757
13.887762 -0.020570
13.892763 -0.023761
13.897764 -0.024217
13.902765 -0.022320
13.907766 -0.019488
13.912767 -0.016240
13.917768 -0.011345
13.922769 -0.005209
13.927770 0.001116
13.932771 0.008139
13.937772 0.016482
13.942773 0.025308
13.947774 0.033309
13.952775 0.038869
13.957776 0.042907
13.962777 0.044946
13.967778 0.043361
13.972779 0.040091
13.977780 0.036269
13.982781 0.032468
13.987782 0.029143
13.992783 0.026997
13.997784 0.027271
14.002785 0.029465
14.007786 0.031996
14.012787 0.034633
14.017788 0.036715
14.022789 0.037089
14.027790 0.035338
14.032791 0.031645
14.037792 0.027881
14.042793 0.023149
14.047794 0.016749
14.052795 0.010286
14.057796 0.003724
14.062797 -0.003076
14.067798 -0.010032
14.072799 -0.016598
14.077800 -0.021606
14.082801 -0.025007
14.087802 -0.027076
14.092803 -0.026368
14.097804 -0.022633
14.102805 -0.017267
14.107806 -0.010794
14.112807 -0.003575
14.117808 0.004187
14.122809 0.011687
14.127810 0.017213
14.132811 0.020998
14.137812 0.023363
14.142813 0.023472
14.147814 0.021451
14.152815 0.017643
14.157816 0.012987
14.162817 0.008140
14.167818 0.003106
14.172819 -0.001647
14.177820 -0.006074
14.182821 -0.010148
14.187822 -0.014396
14.192823 -0.019357
14.197824 -0.023644
14.202825 -0.027336
14.207826 -0.031583
14.212827 -0.035134
14.217828 -0.037349
14.222829 -0.037492
14.227830 -0.035320
14.232831 -0.032187
14.237832 -0.026706
14.242833 -0.019338
14.247834 -0.011628
14.252835 -0.003458
14.257836 0.004356
14.262837 0.011294
14.267838 0.015719
14.272839 0.018028
14.277840 0.018667
14.282841 0.016737
14.287842 0.012993
14.292843 0.007531
14.297844 0.001333
14.302845 -0.005170
14.307846 -0.010964
14.312847 -0.014922
14.317848 -0.017162
14.322849 -0.017199
14.327850 -0.016059
14.332851 -0.014308
14.337852 -0.012022
14.342853 -0.010190
14.347854 -0.009743
14.352855 -0.010512
14.357856 -0.011565
14.362857 -0.012817
14.367858 -0.013631
14.372859 -0.013344
14.377860 -0.011344
14.382861 -0.007303
14.387862 -0.002822
14.392863 0.001956
14.397864 0.007510
14.402865 0.012641
14.407866 0.016103
14.412867 0.017515
14.417868 0.017544
14.422869 0.015594
14.427870 0.011423
14.432870 0.006393
14.437871 0.001585
14.442872 -0.001765
14.447873 -0.003353
14.452874 -0.002808
14.457875 0.000314
14.462876 0.005344
14.467877 0.011703
14.472878 0.017911
14.477879 0.024091
14.482880 0.029676
14.487881 0.033164
14.492882 0.035485
14.497883 0.036724
14.502884 0.037165
14.507885 0.036339
14.512886 0.033942
14.517887 0.030884
14.522888 0.026311
14.527889 0.019439
14.532890 0.010681
14.537891 0.001132
14.542892 -0.009003
14.547893 -0.019553
14.552894 -0.029688
14.557895 -0.037420
14.562896 -0.042601
14.567897 -0.046447
14.572898 -0.047955
14.577899 -0.046782
14.582900 -0.043323
14.587901 -0.039156
14.592902 -0.034551
14.597903 -0.028221
14.602904 -0.021492
14.607905 -0.015259
14.612906 -0.009459
14.617907 -0.003897
14.622908 0.001947
14.627909 0.007167
14.632910 0.011832
14.637911 0.016702
14.642912 0.021249
14.647913 0.024961
14.652914 0.027326
14.657915 0.029185
14.662916 0.030614
14.667917 0.030095
14.672918 0.028561
14.677919 0.027039
14.682920 0.025139
14.687921 0.022302
14.692922 0.018239
14.697923 0.013526
14.702924 0.007833
14.707925 0.000462
14.712926 -0.008069
14.717927 -0.016418
14.722928 -0.023689
14.727929 -0.029675
14.732930 -0.033706
14.737931 -0.034953
14.742932 -0.033350
14.747933 -0.030414
14.752934 -0.026530
14.757935 -0.021493
14.762936 -0.016545
14.767937 -0.012713
14.772938 -0.010129
14.777939 -0.008221
14.782940 -0.006635
14.787941 -0.005556
14.792942 -0.004590
14.797943 -0.001777
14.802944 0.003050
14.807945 0.008149
14.812946 0.013583
14.817947 0.019585
14.822948 0.025104
14.827949 0.028253
14.832950 0.028296
14.837951 0.025768
14.842952 0.020414
14.847953 0.012810
14.852954 0.004205
14.857955 -0.004301
14.862956 -0.011196
14.867957 -0.016218
14.872958 -0.019171
14.877959 -0.018836
14.882960 -0.016037
14.887961 -0.012725
14.892962 -0.009551
14.897963 -0.006254
14.902964 -0.003147
14.907965 -0.001373
14.912966 -0.000217
14.917967 0.001101
14.922968 0.002121
14.927969 0.002675
14.932970 0.002342
14.937971 0.001438
14.942972 0.000402
14.947973 -0.001806
14.952974 -0.004237
14.957975 -0.004647
14.962976 -0.003246
14.967977 -0.000454
14.972978 0.004551
14.977979 0.011572
14.982980 0.019811
14.987981 0.028262
14.992982 0.035660
14.997983 0.042370
15.002984 0.047347
15.007985 0.049567
15.012986 0.050130
15.017987 0.049391
15.022988 0.047335
15.027989 0.043646
15.032990 0.038795
15.037991 0.033197
15.042992 0.026340
15.047993 0.018098
15.052994 0.008975
15.057995 -0.000352
15.062996 -0.009704
15.067997 -0.019667
15.072998 -0.029671
15.077999 -0.038871
15.083000 -0.047678
15.088001 -0.055959
15.093002 -0.063501
15.098003 -0.068766
15.103004 -0.071496
15.108005 -0.072462
15.113006 -0.070816
15.118007 -0.066006
15.123008 -0.058334
15.128009 -0.049307
15.133010 -0.039106
15.138011 -0.027331
15.143012 -0.015487
15.148013 -0.004609
15.153014 0.004950
15.158015 0.013231
15.163016 0.020440
15.168017 0.025003
15.173018 0.027811
15.178019 0.030022
15.183020 0.030710
15.188021 0.030123
15.193022 0.028219
15.198023 0.026801
15.203024 0.025976
15.208025 0.024730
15.213026 0.023558
15.218027 0.023164
15.223028 0.023405
15.228029 0.022074
15.233030 0.018989
15.238031 0.014723
15.243032 0.008974
15.248033 0.001189
15.253034 -0.007815
15.258035 -0.016375
15.263036 -0.024436
15.268037 -0.031945
15.273038 -0.037856
15.278039 -0.041323
15.283040 -0.042083
15.288041 -0.041115
15.293042 -0.038829
15.298043 -0.034585
15.303044 -0.029289
15.308045 -0.023604
15.313046 -0.018163
15.318047 -0.012484
15.323048 -0.006365
15.328049 -0.001380
15.333050 0.002801
15.338051 0.007026
15.343052 0.011291
15.348053 0.014616
15.353054 0.017500
15.358055 0.021301
15.363056 0.025779
15.368056 0.030198
15.373057 0.034063
15.378058 0.038937
15.383059 0.044626
15.388060 0.049402
15.393061 0.053175
15.398062 0.056096
15.403063 0.057356
15.408064 0.055555
15.413065 0.051613
15.418066 0.046056
15.423067 0.038865
15.428068 0.030605
15.433069 0.021315
15.438070 0.012604
15.443071 0.004896
15.448072 -0.002039
15.453073 -0.007648
15.458074 -0.011445
15.463075 -0.013652
15.468076 -0.015269
15.473077 -0.016474
15.478078 -0.016646
15.483079 -0.016049
15.488080 -0.015717
15.493081 -0.015095
15.498082 -0.013683
15.503083 -0.011687
15.508084 -0.009679
15.513085 -0.008310
15.518086 -0.006687
15.523087 -0.005067
15.528088 -0.004818
15.533089 -0.005861
15.538090 -0.007385
15.543091 -0.009450
15.548092 -0.012753
15.553093 -0.016374
15.558094 -0.019515
15.563095 -0.021778
15.568096 -0.022745
15.573097 -0.022661
15.578098 -0.019927
15.583099 -0.014891
15.588100 -0.010011
15.593101 -0.005532
15.598102 -0.001454
15.603103 0.001755
15.608104 0.002894
15.613105 0.001598
15.618106 0.000089
15.623107 -0.001880
15.628108 -0.005092
15.633109 -0.007776
15.638110 -0.009935
15.643111 -0.010829
15.648112 -0.011415
15.653113 -0.012743
15.658114 -0.013021
15.663115 -0.013077
15.668116 -0.013522
15.673117 -0.014616
15.678118 -0.015568
15.683119 -0.015366
15.688120 -0.015346
15.693121 -0.014659
15.698122 -0.012311
15.703123 -0.008859
15.708124 -0.004553
15.713125 0.000027
15.718126 0.005144
15.723127 0.009918
15.728128 0.012779
15.733129 0.014481
15.738130 0.015240
15.743131 0.014876
15.748132 0.013216
15.753133 0.011059
15.758134 0.009494
15.763135 0.008302
15.768136 0.007593
15.773137 0.007308
15.778138 0.008115
15.783139 0.009299
15.788140 0.009506
15.793141 0.009413
15.798142 0.009179
15.803143 0.008857
15.808144 0.008220
15.813145 0.007093
15.818146 0.006138
15.823147 0.005234
15.828148 0.004072
15.833149 0.002854
15.838150 0.002580
15.843151 0.002501
15.848152 0.001985
15.853153 0.002256
15.858154 0.003175
15.863155 0.004929
15.868156 0.006913
15.873157 0.008832
15.878158 0.011360
15.883159 0.013639
15.888160 0.015369
15.893161 0.016033
15.898162 0.016255
15.903163 0.016531
15.908164 0.015134
15.913165 0.012689
15.918166 0.009763
15.923167 0.005580
15.928168 0.000450
15.933169 -0.005104
15.938170 -0.010540
15.943171 -0.015852
15.948172 -0.021141
15.953173 -0.026081
15.958174 -0.030183
15.963175 -0.032993
15.968176 -0.034761
15.973177 -0.035543
15.978178 -0.034315
15.983179 -0.031028
15.988180 -0.026823
15.993181 -0.021644
15.998182 -0.015379
16.003183 -0.009027
16.008184 -0.003523
16.013185 0.001342
16.018186 0.005666
16.023187 0.009226
16.028188 0.011773
16.033189 0.013348
16.038190 0.014733
16.043191 0.015567
16.048192 0.015518
16.053193 0.015225
16.058194 0.014788
16.063195 0.013794
16.068196 0.011970
16.073197 0.009483
16.078198 0.006704
16.083199 0.004271
16.088200 0.001202
16.093201 -0.002679
16.098202 -0.005419
16.103203 -0.007943
16.108204 -0.010926
16.113205 -0.013688
16.118206 -0.016493
16.123207 -0.019211
16.128208 -0.022655
16.133209 -0.026174
16.138210 -0.028572
16.143211 -0.029940
16.148212 -0.030284
16.153213 -0.029874
16.158214 -0.027173
16.163215 -0.022385
16.168216 -0.016864
16.173217 -0.010133
16.178218 -0.001885
16.183219 0.007435
16.188220 0.016118
16.193221 0.024406
16.198222 0.032686
16.203223 0.040001
16.208224 0.045372
16.213225 0.048975
16.218226 0.051840
16.223227 0.053349
16.228228 0.053281
16.233229 0.051706
16.238230 0.048688
16.243231 0.044391
16.248232 0.038335
16.253233 0.030390
16.258234 0.022250
16.263235 0.014679
16.268236 0.006726
16.273237 -0.000570
16.278238 -0.006276
16.283239 -0.010459
16.288240 -0.013956
16.293241 -0.016838
16.298241 -0.018591
16.303242 -0.019794
16.308243 -0.020827
16.313244 -0.021906
16.318245 -0.022235
16.323246 -0.021900
16.328247 -0.021541
16.333248 -0.020857
16.338249 -0.019579
16.343250 -0.018263
16.348251 -0.017970
16.353252 -0.018262
16.358253 -0.018253
16.363254 -0.017836
16.368255 -0.017460
16.373256 -0.016634
16.378257 -0.014447
16.383258 -0.011174
16.388259 -0.006994
16.393260 -0.001726
16.398261 0.004483
16.403262 0.011038
16.408263 0.016974
16.413264 0.022203
16.418265 0.027230
16.423266 0.031195
16.428267 0.033315
16.433268 0.034314
16.438269 0.034192
16.443270 0.032966
16.448271 0.030920
16.453272 0.027930
16.458273 0.025351
16.463274 0.023312
16.468275 0.020658
16.473276 0.018137
16.478277 0.016044
16.483278 0.013825
16.488279 0.010682
16.493280 0.006191
16.498281 0.001076
16.503282 -0.004571
16.508283 -0.010981
16.513284 -0.017436
16.518285 -0.022516
16.523286 -0.026546
16.528287 -0.030075
16.533288 -0.031879
16.538289 -0.031835
16.543290 -0.029930
16.548291 -0.027821
16.553292 -0.025464
16.558293 -0.021095
16.563294 -0.016794
16.568295 -0.013239
16.573296 -0.009991
16.578297 -0.006873
16.583298 -0.004599
16.588299 -0.003513
16.593300 -0.003225
16.598301 -0.004092
16.603302 -0.005561
16.608303 -0.007896
16.613304 -0.010282
16.618305 -0.011826
16.623306 -0.012528
16.628307 -0.012843
16.633308 -0.013159
16.638309 -0.012340
16.643310 -0.011182
16.648311 -0.010589
16.653312 -0.010492
16.658313 -0.010598
16.663314 -0.011123
16.668315 -0.012641
16.673316 -0.015013
16.678317 -0.017732
16.683318 -0.019680
16.688319 -0.022023
16.693320 -0.024408
16.698321 -0.024927
16.703322 -0.024401
16.708323 -0.023197
16.713324 -0.021827
16.718325 -0.019300
16.723326 -0.016171
16.728327 -0.014365
16.733328 -0.012543
16.738329 -0.011185
16.743330 -0.010280
16.748331 -0.009930
16.753332 -0.011148
16.758333 -0.011946
16.763334 -0.012493
16.768335 -0.013275
16.773336 -0.013660
16.778337 -0.012729
16.783338 -0.010312
16.788339 -0.007354
16.793340 -0.003658
16.798341 0.000571
16.803342 0.005286
16.808343 0.009531
16.813344 0.013153
16.818345 0.016331
16.823346 0.019011
16.828347 0.020849
16.833348 0.021464
16.838349 0.022853
16.843350 0.024762
16.848351 0.026535
16.853352 0.028801
16.858353 0.031974
16.863354 0.035834
16.868355 0.039362
16.873356 0.042524
16.878357 0.045627
16.883358 0.048542
16.888359 0.050465
16.893360 0.051385
16.898361 0.051489
16.903362 0.050409
16.908363 0.047625
16.913364 0.043452
16.918365 0.038441
16.923366 0.032780
16.928367 0.025840
16.933368 0.018245
16.938369 0.011808
16.943370 0.006164
16.948371 0.001031
16.953372 -0.002762
16.958373 -0.004593
16.963374 -0.004911
16.968375 -0.003958
16.973376 -0.002188
16.978377 0.000615
16.983378 0.004289
16.988379 0.006903
16.993380 0.008965
16.998381 0.010961
17.003382 0.012013
17.008383 0.011653
17.013384 0.009977
17.018385 0.008020
17.023386 0.005683
17.028387 0.002292
17.033388 -0.001442
17.038389 -0.004994
17.043390 -0.008474
17.048391 -0.012116
17.053392 -0.015807
17.058393 -0.018941
17.063394 -0.021413
17.068395 -0.023519
17.073396 -0.025590
17.078397 -0.026682
17.083398 -0.026861
17.088399 -0.026964
17.093400 -0.027067
17.098401 -0.026676
17.103402 -0.025505
17.108403 -0.024680
17.113404 -0.024211
17.118405 -0.023362
17.123406 -0.021936
17.128407 -0.021095
17.133408 -0.020252
17.138409 -0.018411
17.143410 -0.016305
17.148411 -0.014010
17.153412 -0.011869
17.158413 -0.009298
17.163414 -0.006436
17.168415 -0.004183
17.173416 -0.002188
17.178417 0.000207
17.183418 0.002451
17.188419 0.003805
17.193420 0.004767
17.198421 0.005220
17.203422 0.005119
17.208423 0.004199
17.213424 0.002565
17.218425 0.000641
17.223426 -0.001516
17.228426 -0.003941
17.233427 -0.006629
17.238428 -0.008376
17.243429 -0.009345
17.248430 -0.010243
17.253431 -0.010370
17.258432 -0.009938
17.263433 -0.009299
17.268434 -0.008539
17.273435 -0.007442
17.278436 -0.006587
17.283437 -0.005619
17.288438 -0.004904
17.293439 -0.005455
17.298440 -0.005400
17.303441 -0.005341
17.308442 -0.005811
17.313443 -0.006137
17.318444 -0.005980
17.323445 -0.005166
17.328446 -0.004627
17.333447 -0.004169
17.338448 -0.002609
17.343449 -0.000333
17.348450 0.001074
17.353451 0.002466
17.358452 0.004094
17.363453 0.005514
17.368454 0.006573
17.373455 0.006942
17.378456 0.007771
17.383457 0.008799
17.388458 0.009305
17.393459 0.009367
17.398460 0.010028
17.403461 0.011146
17.408462 0.011296
17.413463 0.010852
17.418464 0.010405
17.423465 0.010021
17.428466 0.009273
17.433467 0.008093
17.438468 0.007198
17.443469 0.006845
17.448470 0.006394
17.453471 0.005872
17.458472 0.006039
17.463473 0.006812
17.468474 0.007521
17.473475 0.007620
17.478476 0.008109
17.483477 0.008643
17.488478 0.008116
17.493479 0.007316
17.498480 0.006334
17.503481 0.005572
17.508482 0.004746
17.513483 0.003536
17.518484 0.003152
17.523485 0.003438
17.528486 0.004199
17.533487 0.005096
17.538488 0.006704
17.543489 0.009428
17.548490 0.011408
17.553491 0.013082
17.558492 0.014495
17.563493 0.015057
17.568494 0.014467
17.573495 0.012402
17.578496 0.009647
17.583497 0.005666
17.588498 0.000749
17.593499 -0.004939
17.598500 -0.010562
17.603501 -0.015619
17.608502 -0.020728
17.613503 -0.024538
17.618504 -0.026660
17.623505 -0.027313
17.628506 -0.027177
17.633507 -0.025804
17.638508 -0.022838
17.643509 -0.019322
17.648510 -0.015874
17.653511 -0.012330
17.658512 -0.007907
17.663513 -0.003073
17.668514 0.001650
17.673515 0.006089
17.678516 0.010719
17.683517 0.015422
17.688518 0.019132
17.693519 0.021621
17.698520 0.023782
17.703521 0.025776
17.708522 0.026342
17.713523 0.026024
17.718524 0.025859
17.723525 0.025394
17.728526 0.024069
17.733527 0.021996
17.738528 0.019390
17.743529 0.016681
17.748530 0.012586
17.753531 0.006745
17.758532 0.001510
17.763533 -0.003891
17.768534 -0.009807
17.773535 -0.014790
17.778536 -0.018717
17.783537 -0.020943
17.788538 -0.021165
17.793539 -0.020112
17.798540 -0.017060
17.803541 -0.012416
17.808542 -0.007866
17.813543 -0.002558
17.818544 0.002767
17.823545 0.007396
17.828546 0.011071
17.833547 0.012771
17.838548 0.013717
17.843549 0.014057
17.848550 0.012780
17.853551 0.010708
17.858552 0.008646
17.863553 0.006202
17.868554 0.002779
17.873555 -0.000820
17.878556 -0.003808
17.883557 -0.006882
17.888558 -0.009939
17.893559 -0.012784
17.898560 -0.015093
17.903561 -0.016303
17.908562 -0.017745
17.913563 -0.019603
17.918564 -0.020976
17.923565 -0.022265
17.928566 -0.024224
17.933567 -0.026947
17.938568 -0.029492
17.943569 -0.031574
17.948570 -0.033599
17.953571 -0.035327
17.958572 -0.035573
17.963573 -0.033735
17.968574 -0.031090
17.973575 -0.026752
17.978576 -0.020629
17.983577 -0.013982
17.988578 -0.006874
17.993579 -0.000186
17.998580 0.005922
18.003581 0.011103
18.008582 0.014922
18.013583 0.017030
18.018584 0.018161
18.023585 0.018522
18.028586 0.017155
18.033587 0.015256
18.038588 0.013327
18.043589 0.011369
18.048590 0.009144
18.053591 0.006462
18.058592 0.004301
18.063593 0.002568
18.068594 0.000793
18.073595 -0.000797
18.078596 -0.001764
18.083597 -0.002441
18.088598 -0.003634
18.093599 -0.005126
18.098600 -0.005837
18.103601 -0.006168
18.108602 -0.006847
18.113603 -0.006902
18.118604 -0.005952
18.123605 -0.004485
18.128606 -0.002667
18.133607 -0.000376
18.138608 0.003289
18.143609 0.007932
18.148610 0.012609
18.153611 0.017244
18.158611 0.022295
18.163612 0.027789
18.168613 0.032070
18.173614 0.035221
18.178615 0.038548
18.183616 0.041508
18.188617 0.042487
18.193618 0.042110
18.198619 0.041420
18.203620 0.039553
18.208621 0.036483
18.213622 0.032287
18.218623 0.027117
18.223624 0.021668
18.228625 0.015383
18.233626 0.008276
18.238627 0.001657
18.243628 -0.004238
18.248629 -0.009866
18.253630 -0.015516
18.258631 -0.020030
18.263632 -0.022804
18.268633 -0.025432
18.273634 -0.027584
18.278635 -0.028123
18.283636 -0.027886
18.288637 -0.027570
18.293638 -0.026633
18.298639 -0.025391
18.303640 -0.023749
18.308641 -0.022083
18.313642 -0.020648
18.318643 -0.018790
18.323644 -0.017074
18.328645 -0.015601
18.333646 -0.014269
18.338647 -0.012381
18.343648 -0.009956
18.348649 -0.008073
18.353650 -0.006221
18.358651 -0.003654
18.363652 -0.000898
18.368653 0.001245
18.373654 0.003136
18.378655 0.005306
18.383656 0.007348
18.388657 0.008630
18.393658 0.008993
18.398659 0.008919
18.403660 0.008537
18.408661 0.007135
18.413662 0.005218
18.418663 0.003328
18.423664 0.001155
18.428665 -0.001262
18.433666 -0.004066
18.438667 -0.006004
18.443668 -0.006922
18.448669 -0.008011
18.453670 -0.008661
18.458671 -0.008181
18.463672 -0.006961
18.468673 -0.005300
18.473674 -0.003372
18.478675 -0.001151
18.483676 0.001490
18.488677 0.003745
18.493678 0.005767
18.498679 0.007963
18.503680 0.010113
18.508681 0.011788
18.513682 0.012581
18.518683 0.013514
18.523684 0.014260
18.528685 0.014018
18.533686 0.013243
18.538687 0.012393
18.543688 0.011263
18.548689 0.009305
18.553690 0.007209
18.558691 0.005310
18.563692 0.003045
18.568693 0.000442
18.573694 -0.002491
18.578695 -0.005021
18.583696 -0.006797
18.588697 -0.008453
18.593698 -0.009726
18.598699 -0.009908
18.603700 -0.008754
18.608701 -0.007523
18.613702 -0.006094
18.618703 -0.003743
18.623704 -0.001408
18.628705 0.000507
18.633706 0.001729
18.638707 0.002615
18.643708 0.003290
18.648709 0.003340
18.653710 0.002637
18.658711 0.001596
18.663712 0.000652
18.668713 -0.001065
18.673714 -0.003345
18.678715 -0.005043
18.683716 -0.006007
18.688717 -0.006984
18.693718 -0.007759
18.698719 -0.007136
18.703720 -0.005724
18.708721 -0.003951
18.713722 -0.002116
18.718723 0.000173
18.723724 0.003408
18.728725 0.005949
18.733726 0.007798
18.738727 0.009627
18.743728 0.010762
18.748729 0.010848
18.753730 0.010050
18.758731 0.008645
18.763732 0.006501
18.768733 0.003592
18.773734 0.000352
18.778735 -0.002748
18.783736 -0.005241
18.788737 -0.007475
18.793738 -0.009720
18.798739 -0.011303
18.803740 -0.012245
18.808741 -0.013096
18.813742 -0.013777
18.818743 -0.013827
18.823744 -0.013177
18.828745 -0.012812
18.833746 -0.012549
18.838747 -0.011152
18.843748 -0.009175
18.848749 -0.007499
18.853750 -0.005970
18.858751 -0.004357
18.863752 -0.002292
18.868753 -0.000869
18.873754 -0.000027
18.878755 0.001485
18.883756 0.002677
18.888757 0.003479
18.893758 0.004180
18.898759 0.005043
18.903760 0.006023
18.908761 0.006410
18.913762 0.006348
18.918763 0.006367
18.923764 0.006459
18.928765 0.005514
18.933766 0.003793
18.938767 0.002593
18.943768 0.001403
18.948769 -0.000010
18.953770 -0.001443
18.958771 -0.002199
18.963772 -0.001740
18.968773 -0.001598
18.973774 -0.000820
18.978775 0.001360
18.983776 0.003779
18.988777 0.006518
18.993778 0.009032
18.998779 0.011966
19.003780 0.015456
19.008781 0.018409
19.013782 0.020767
19.018783 0.022998
19.023784 0.024975
19.028785 0.025663
19.033786 0.025166
19.038787 0.024238
19.043788 0.022492
19.048789 0.019389
19.053790 0.015576
19.058791 0.011769
19.063792 0.007846
19.068793 0.003644
19.073794 -0.000661
19.078795 -0.004502
19.083796 -0.007805
19.088796 -0.011178
19.093797 -0.014457
19.098798 -0.016752
19.103799 -0.018580
19.108800 -0.020519
19.113801 -0.022154
19.118802 -0.023005
19.123803 -0.022929
19.128804 -0.022724
19.133805 -0.021898
19.138806 -0.019854
19.143807 -0.016794
19.148808 -0.012966
19.153809 -0.008986
19.158810 -0.004048
19.163811 0.001479
19.168812 0.006633
19.173813 0.011397
19.178814 0.015450
19.183815 0.019032
19.188816 0.021205
19.193817 0.021499
19.198818 0.021060
19.203819 0.019944
19.208820 0.017031
19.213821 0.013445
19.218822 0.010190
19.223823 0.006542
19.228824 0.002832
19.233825 -0.000622
19.238826 -0.003177
19.243827 -0.004738
19.248828 -0.005802
19.253829 -0.006641
19.258830 -0.006437
19.263831 -0.005135
19.268832 -0.004079
19.273833 -0.002973
19.278834 -0.001400
19.283835 0.000377
19.288836 0.001411
19.293837 0.001827
19.298838 0.002278
19.303839 0.002435
19.308840 0.002151
19.313841 0.001310
19.318842 0.000331
19.323843 -0.000547
19.328844 -0.001784
19.333845 -0.003569
19.338846 -0.005063
19.343847 -0.006150
19.348848 -0.008100
19.353849 -0.010770
19.358850 -0.013200
19.363851 -0.015071
19.368852 -0.017203
19.373853 -0.019590
19.378854 -0.021120
19.383855 -0.022029
19.388856 -0.022457
19.393857 -0.022285
19.398858 -0.021109
19.403859 -0.019166
19.408860 -0.017176
19.413861 -0.015161
19.418862 -0.013073
19.423863 -0.010295
19.428864 -0.008714
19.433865 -0.008388
19.438866 -0.007455
19.443867 -0.006712
19.448868 -0.006601
19.453869 -0.007424
19.458870 -0.007451
19.463871 -0.006451
19.468872 -0.005819
19.473873 -0.004800
19.478874 -0.003577
19.483875 -0.001644
19.488876 0.000272
19.493877 0.001949
19.498878 0.004396
19.503879 0.006458
19.508880 0.008244
19.513881 0.009632
19.518882 0.010832
19.523883 0.012192
19.528884 0.012977
19.533885 0.013127
19.538886 0.013425
19.543887 0.014171
19.548888 0.013966
19.553889 0.013272
19.558890 0.012889
19.563891 0.012343
19.568892 0.011305
19.573893 0.009673
19.578894 0.008428
19.583895 0.007555
19.588896 0.006197
19.593897 0.004600
19.598898 0.003736
19.603899 0.003631
19.608900 0.003476
19.613901 0.002906
19.618902 0.003448
19.623903 0.005367
19.628904 0.006678
19.633905 0.008107
19.638906 0.010175
19.643907 0.012192
19.648908 0.013662
19.653909 0.014334
19.658910 0.014664
19.663911 0.014435
19.668912 0.013054
19.673913 0.010797
19.678914 0.008558
19.683915 0.005913
19.688916 0.002637
19.693917 -0.000850
19.698918 -0.004275
19.703919 -0.007401
19.708920 -0.010854
19.713921 -0.014062
19.718922 -0.016390
19.723923 -0.017879
19.728924 -0.018741
19.733925 -0.019568
19.738926 -0.018966
19.743927 -0.016770
19.748928 -0.014802
19.753929 -0.012000
19.758930 -0.008145
19.763931 -0.004026
19.768932 0.000241
19.773933 0.004087
19.778934 0.007800
19.783935 0.011440
19.788936 0.014311
19.793937 0.015711
19.798938 0.016933
19.803939 0.018170
19.808940 0.017954
19.813941 0.017064
19.818942 0.016067
19.823943 0.015282
19.828944 0.013635
19.833945 0.010972
19.838946 0.008743
19.843947 0.006443
19.848948 0.003576
19.853949 0.000582
19.858950 -0.001869
19.863951 -0.003773
19.868952 -0.005594
19.873953 -0.007427
19.878954 -0.008538
19.883955 -0.009250
19.888956 -0.010143
19.893957 -0.010968
19.898958 -0.011686
19.903959 -0.011827
19.908960 -0.012749
19.913961 -0.013803
19.918962 -0.013989
19.923963 -0.013940
19.928964 -0.013761
19.933965 -0.013862
19.938966 -0.013126
19.943967 -0.011886
19.948968 -0.010699
19.953969 -0.009305
19.958970 -0.007730
19.963971 -0.005323
19.968972 -0.003591
19.973973 -0.002499
19.978974 -0.000962
19.983975 0.000567
19.988976 0.001722
19.993977 0.002265
19.998978 0.003529
20.003979 0.005358
20.008980 0.006655
20.013981 0.008169
20.018981 0.010157
20.023982 0.012514
20.028983 0.014260
20.033984 0.015385
20.038985 0.016750
20.043986 0.018322
20.048987 0.019606
20.053988 0.020345
20.058989 0.021460
20.063990 0.022798
20.068991 0.023213
20.073992 0.022850
20.078993 0.022029
20.083994 0.020493
20.088995 0.017698
20.093996 0.013819
20.098997 0.009640
20.103998 0.005228
20.108999 0.000319
20.114000 -0.005274
20.119001 -0.010450
20.124002 -0.015152
20.129003 -0.020097
20.134004 -0.024414
20.139005 -0.027652
20.144006 -0.029174
20.149007 -0.029933
20.154008 -0.030443
20.159009 -0.029573
20.164010 -0.027722
20.169011 -0.025587
20.174012 -0.023447
20.179013 -0.020164
20.184014 -0.016262
20.189015 -0.012249
20.194016 -0.008520
20.199017 -0.004941
20.204018 -0.000644
20.209019 0.002628
20.214020 0.005243
20.219021 0.007671
20.224022 0.009704
20.229023 0.010702
20.234024 0.010477
20.239025 0.010383
20.244026 0.010075
20.249027 0.009342
20.254028 0.007777
20.259029 0.006176
20.264030 0.004976
20.269031 0.002984
20.274032 0.000707
20.279033 -0.001072
20.284034 -0.002636
20.289035 -0.004205
20.294036 -0.005636
20.299037 -0.006608
20.304038 -0.006810
20.309039 -0.007077
20.314040 -0.007400
20.319041 -0.007048
20.324042 -0.005885
20.329043 -0.004802
20.334044 -0.004254
20.339045 -0.002653
20.344046 -0.000609
20.349047 0.000676
20.354048 0.001610
20.359049 0.002597
20.364050 0.003922
20.369051 0.004371
20.374052 0.004019
20.379053 0.004061
20.384054 0.003849
20.389055 0.002724
20.394056 0.000936
20.399057 -0.000660
20.404058 -0.001902
20.409059 -0.003905
20.414060 -0.006117
20.419061 -0.007190
20.424062 -0.007786
20.429063 -0.008319
20.434064 -0.008383
20.439065 -0.007701
20.444066 -0.006107
20.449067 -0.004737
20.454068 -0.003616
20.459069 -0.001907
20.464070 -0.000028
20.469071 0.001466
20.474072 0.002337
20.479073 0.003243
20.484074 0.004493
20.489075 0.005429
20.494076 0.005912
20.499077 0.006878
20.504078 0.008473
20.509079 0.009193
20.514080 0.009930
20.519081 0.011026
20.524082 0.011230
20.529083 0.011073
20.534084 0.010035
20.539085 0.008521
20.544086 0.007052
20.549087 0.005135
20.554088 0.003342
20.559089 0.001534
20.564090 0.000419
20.569091 -0.000311
20.574092 -0.001082
20.579093 -0.000271
20.584094 0.001183
20.589095 0.002568
20.594096 0.004026
20.599097 0.005668
20.604098 0.007942
20.609099 0.009460
20.614100 0.010551
20.619101 0.011922
20.624102 0.013696
20.629103 0.014641
20.634104 0.014822
20.639105 0.015984
20.644106 0.016480
20.649107 0.016357
20.654108 0.016120
20.659109 0.015169
20.664110 0.013834
20.669111 0.011673
20.674112 0.008942
20.679113 0.005875
20.684114 0.002880
20.689115 -0.000718
20.694116 -0.004838
20.699117 -0.007774
20.704118 -0.009988
20.709119 -0.012198
20.714120 -0.013701
20.719121 -0.013960
20.724122 -0.013224
20.729123 -0.012119
20.734124 -0.011370
20.739125 -0.010172
20.744126 -0.008255
20.749127 -0.007367
20.754128 -0.006911
20.759129 -0.006088
20.764130 -0.005055
20.769131 -0.004375
20.774132 -0.004197
20.779133 -0.003549
20.784134 -0.002661
20.789135 -0.002184
20.794136 -0.002261
20.799137 -0.001807
20.804138 -0.000510
20.809139 0.000131
20.814140 0.000047
20.819141 0.000485
20.824142 0.001364
20.829143 0.001577
20.834144 0.001212
20.839145 0.001512
20.844146 0.002013
20.849147 0.001580
20.854148 0.000718
20.859149 -0.000054
20.864150 -0.000653
20.869151 -0.001952
20.874152 -0.003852
20.879153 -0.005317
20.884154 -0.006569
20.889155 -0.008217
20.894156 -0.010256
20.899157 -0.011672
20.904158 -0.012591
20.909159 -0.013920
20.914160 -0.015049
20.919161 -0.015325
20.924162 -0.015065
20.929163 -0.014660
20.934164 -0.013960
20.939165 -0.012510
20.944166 -0.011008
20.949167 -0.009743
20.954167 -0.008316
20.959168 -0.006607
20.964169 -0.004464
20.969170 -0.002726
20.974171 -0.001448
20.979172 -0.000063
20.984173 0.001092
20.989174 0.001646
20.994175 0.001851
20.999176 0.001897
21.004177 0.001879
21.009178 0.001604
21.014179 0.000336
21.019180 -0.000523
21.024181 -0.000932
21.029182 -0.002126
21.034183 -0.003498
21.039184 -0.004495
21.044185 -0.004926
21.049186 -0.005762
21.054187 -0.006516
21.059188 -0.006362
21.064189 -0.005699
21.069190 -0.004678
21.074191 -0.003631
21.079192 -0.002096
21.084193 0.000180
21.089194 0.002574
21.094195 0.004301
21.099196 0.006534
21.104197 0.009139
21.109198 0.010532
21.114199 0.011820
21.119200 0.012995
21.124201 0.013791
21.129202 0.014058
21.134203 0.013536
21.139204 0.013451
21.144205 0.013378
21.149206 0.012909
21.154207 0.012353
21.159208 0.011905
21.164209 0.012086
21.169210 0.012406
21.174211 0.012338
21.179212 0.012619
21.184213 0.013499
21.189214 0.013643
21.194215 0.012950
21.199216 0.012935
21.204217 0.013070
21.209218 0.012442
21.214219 0.011684
21.219220 0.011175
21.224221 0.010941
21.229222 0.010490
21.234223 0.009689
21.239224 0.009318
21.244225 0.009124
21.249226 0.008511
21.254227 0.007309
21.259228 0.006427
21.264229 0.006141
21.269230 0.005280
21.274231 0.003964
21.279232 0.002766
21.284233 0.001638
21.289234 0.000283
21.294235 -0.001297
21.299236 -0.002790
21.304237 -0.003678
21.309238 -0.004504
21.314239 -0.005540
21.319240 -0.005545
21.324241 -0.005107
21.329242 -0.004711
21.334243 -0.004364
21.339244 -0.003828
21.344245 -0.002675
21.349246 -0.002301
21.354247 -0.002214
21.359248 -0.002115
21.364249 -0.002357
21.369250 -0.002874
21.374251 -0.004251
21.379252 -0.005361
21.384253 -0.006552
21.389254 -0.008640
21.394255 -0.010783
21.399256 -0.012701
21.404257 -0.013924
21.409258 -0.015236
21.414259 -0.016450
21.419260 -0.016392
21.424261 -0.015650
21.429262 -0.014742
21.434263 -0.013673
21.439264 -0.012260
21.444265 -0.010469
21.449266 -0.008857
21.454267 -0.007712
21.459268 -0.006706
21.464269 -0.005707
21.469270 -0.004951
21.474271 -0.004565
21.479272 -0.004073
21.484273 -0.003324
21.489274 -0.003071
21.494275 -0.002736
21.499276 -0.002073
21.504277 -0.001589
21.509278 -0.001439
21.514279 -0.001537
21.519280 -0.001227
21.524281 -0.000524
21.529282 -0.000026
21.534283 -0.000367
21.539284 -0.000063
21.544285 0.000777
21.549286 0.000228
21.554287 -0.000389
21.559288 -0.000323
21.564289 -0.000438
21.569290 -0.001284
21.574291 -0.002316
21.579292 -0.002716
21.584293 -0.002956
21.589294 -0.003281
21.594295 -0.003304
21.599296 -0.002617
21.604297 -0.001461
21.609298 -0.000360
21.614299 0.000628
21.619300 0.001604
21.624301 0.002622
21.629302 0.003138
21.634303 0.003353
21.639304 0.003778
21.644305 0.004052
21.649306 0.003511
21.654307 0.002226
21.659308 0.001650
21.664309 0.001196
21.669310 0.000075
21.674311 -0.001346
21.679312 -0.002609
21.684313 -0.003292
21.689314 -0.004468
21.694315 -0.006046
21.699316 -0.007246
21.704317 -0.007856
21.709318 -0.008770
21.714319 -0.009768
21.719320 -0.009638
21.724321 -0.009166
21.729322 -0.008403
21.734323 -0.007898
21.739324 -0.006590
21.744325 -0.004091
21.749326 -0.002537
21.754327 -0.000976
21.759328 0.001515
21.764329 0.004526
21.769330 0.006967
21.774331 0.009517
21.779332 0.012734
21.784333 0.015698
21.789334 0.018804
21.794335 0.021126
21.799336 0.023469
21.804337 0.026009
21.809338 0.027405
21.814339 0.028060
21.819340 0.028452
21.824341 0.029119
21.829342 0.028821
21.834343 0.027775
21.839344 0.026980
21.844345 0.026002
21.849346 0.024770
21.854347 0.022711
21.859348 0.020613
21.864349 0.018327
21.869350 0.015027
21.874351 0.011295
21.879352 0.007141
21.884352 0.003259
21.889353 -0.000593
21.894354 -0.004916
21.899355 -0.008387
21.904356 -0.010852
21.909357 -0.013173
21.914358 -0.014842
21.919359 -0.015595
21.924360 -0.015826
21.929361 -0.015596
21.934362 -0.015533
21.939363 -0.015095
21.944364 -0.013596
21.949365 -0.012455
21.954366 -0.011481
21.959367 -0.009892
21.964368 -0.008190
21.969369 -0.006782
21.974370 -0.006150
21.979371 -0.005440
21.984372 -0.004923
21.989373 -0.005383
21.994374 -0.006593
21.999375 -0.008036
22.004376 -0.009026
22.009377 -0.011014
22.014378 -0.013337
22.019379 -0.014805
22.024380 -0.016060
22.029381 -0.017358
22.034382 -0.018715
22.039383 -0.019225
22.044384 -0.019064
22.049385 -0.019241
22.054386 -0.019336
22.059387 -0.018688
22.064388 -0.018021
22.069389 -0.016969
22.074390 -0.015832
22.079391 -0.014310
22.084392 -0.011727
22.089393 -0.009588
22.094394 -0.007430
22.099395 -0.004935
22.104396 -0.002035
22.109397 0.000773
22.114398 0.002995
22.119399 0.005567
22.124400 0.008165
22.129401 0.010235
22.134402 0.011804
22.139403 0.013604
22.144404 0.015474
22.149405 0.016255
22.154406 0.016227
22.159407 0.016202
22.164408 0.016032
22.169409 0.015275
22.174410 0.013896
22.179411 0.012564
22.184412 0.011724
22.189413 0.010452
22.194414 0.009068
22.199415 0.008060
22.204416 0.006983
22.209417 0.005880
22.214418 0.004395
22.219419 0.003362
22.224420 0.002666
22.229421 0.001283
22.234422 -0.000072
22.239423 -0.001037
22.244424 -0.001496
22.249425 -0.002182
22.254426 -0.003284
22.259427 -0.003585
22.264428 -0.003098
22.269429 -0.002999
22.274430 -0.003165
22.279431 -0.002551
22.284432 -0.001514
22.289433 -0.000494
22.294434 -0.000006
22.299435 0.000255
22.304436 0.001180
22.309437 0.001568
22.314438 0.001193
22.319439 0.000939
22.324440 0.000528
22.329441 -0.000336
22.334442 -0.001450
22.339443 -0.002399
22.344444 -0.002851
22.349445 -0.003315
22.354446 -0.004174
22.359447 -0.004664
22.364448 -0.004478
22.369449 -0.004411
22.374450 -0.004555
22.379451 -0.004331
22.384452 -0.004009
22.389453 -0.003651
22.394454 -0.003053
22.399455 -0.002167
22.404456 -0.000957
22.409457 0.000597
22.414458 0.002203
22.419459 0.004032
22.424460 0.006628
22.429461 0.008913
22.434462 0.010930
22.439463 0.013465
22.444464 0.015917
22.449465 0.017500
22.454466 0.018438
22.459467 0.018974
22.464468 0.018743
22.469469 0.017319
22.474470 0.014603
22.479471 0.011586
22.484472 0.008450
22.489473 0.004444
22.494474 -0.000053
22.499475 -0.003890
22.504476 -0.006826
22.509477 -0.010112
22.514478 -0.013511
22.519479 -0.015434
22.524480 -0.016402
22.529481 -0.017249
22.534482 -0.018184
22.539483 -0.018480
22.544484 -0.017601
22.549485 -0.016820
22.554486 -0.016239
22.559487 -0.015143
22.564488 -0.013257
22.569489 -0.011691
22.574490 -0.010278
22.579491 -0.008105
22.584492 -0.005641
22.589493 -0.003301
22.594494 -0.001775
22.599495 0.000086
22.604496 0.002316
22.609497 0.003860
22.614498 0.004718
22.619499 0.005451
22.624500 0.006551
22.629501 0.006794
22.634502 0.006728
22.639503 0.007073
22.644504 0.007306
22.649505 0.007337
22.654506 0.007124
22.659507 0.007022
22.664508 0.007653
22.669509 0.008321
22.674510 0.008358
22.679511 0.009260
22.684512 0.010381
22.689513 0.010908
22.694514 0.011176
22.699515 0.011453
22.704516 0.011947
22.709517 0.011530
22.714518 0.010560
22.719519 0.009856
22.724520 0.009318
22.729521 0.008249
22.734522 0.006527
22.739523 0.004955
22.744524 0.003791
22.749525 0.002433
22.754526 -0.000016
22.759527 -0.001718
22.764528 -0.003076
22.769529 -0.005050
22.774530 -0.006877
22.779531 -0.008613
22.784532 -0.010219
22.789533 -0.011976
22.794534 -0.013816
22.799535 -0.015472
22.804536 -0.016017
22.809537 -0.016432
22.814537 -0.016883
22.819538 -0.016229
22.824539 -0.015305
22.829540 -0.013863
22.834541 -0.012436
22.839542 -0.010811
22.844543 -0.008060
22.849544 -0.005855
22.854545 -0.004294
22.859546 -0.002592
22.864547 -0.000964
22.869548 0.000360
22.874549 0.000813
22.879550 0.001384
22.884551 0.002115
22.889552 0.002367
22.894553 0.002062
22.899554 0.001547
22.904555 0.001224
22.909556 0.000258
22.914557 -0.000481
22.919558 -0.001338
22.924559 -0.002571
22.929560 -0.003297
22.934561 -0.004228
22.939562 -0.004661
22.944563 -0.004294
22.949564 -0.004231
22.954565 -0.004233
22.959566 -0.003597
22.964567 -0.002539
22.969568 -0.001589
22.974569 -0.001303
22.979570 -0.000572
22.984571 0.000692
22.989572 0.001322
22.994573 0.001644
22.999574 0.002443
23.004575 0.003777
23.009576 0.004438
23.014577 0.004744
23.019578 0.005281
23.024579 0.006128
23.029580 0.006351
23.034581 0.005889
23.039582 0.005727
23.044583 0.005459
23.049584 0.005282
23.054585 0.004863
23.059586 0.004709
23.064587 0.004927
23.069588 0.005096
23.074589 0.005071
23.079590 0.004852
23.084591 0.005788
23.089592 0.006303
23.094593 0.006193
23.099594 0.007222
23.104595 0.008448
23.109596 0.009327
23.114597 0.009773
23.119598 0.010268
23.124599 0.011125
23.129600 0.011507
23.134601 0.011417
23.139602 0.011800
23.144603 0.012186
23.149604 0.011667
23.154605 0.010912
23.159606 0.010435
23.164607 0.010320
23.169608 0.009547
23.174609 0.007988
23.179610 0.006722
23.184611 0.005564
23.189612 0.003911
23.194613 0.001824
23.199614 -0.000084
23.204615 -0.002244
23.209616 -0.004699
23.214617 -0.007389
23.219618 -0.009797
23.224619 -0.011270
23.229620 -0.012557
23.234621 -0.013784
23.239622 -0.014407
23.244623 -0.013787
23.249624 -0.013049
23.254625 -0.012648
23.259626 -0.011410
23.264627 -0.009883
23.269628 -0.008509
23.274629 -0.007526
23.279630 -0.006723
23.284631 -0.005562
23.289632 -0.005222
23.294633 -0.005599
23.299634 -0.005827
23.304635 -0.005770
23.309636 -0.006161
23.314637 -0.007524
23.319638 -0.008172
23.324639 -0.008308
23.329640 -0.008759
23.334641 -0.009528
23.339642 -0.010256
23.344643 -0.009899
23.349644 -0.009513
23.354645 -0.009732
23.359646 -0.009734
23.364647 -0.008913
23.369648 -0.007883
23.374649 -0.007328
23.379650 -0.006265
23.384651 -0.004853
23.389652 -0.003328
23.394653 -0.001992
23.399654 -0.000703
23.404655 0.001260
23.409656 0.002778
23.414657 0.003916
23.419658 0.004879
23.424659 0.005936
23.429660 0.006645
23.434661 0.006155
23.439662 0.005960
23.444663 0.005930
23.449664 0.005219
23.454665 0.004296
23.459666 0.003802
23.464667 0.003641
23.469668 0.003163
23.474669 0.002266
23.479670 0.001636
23.484671 0.001596
23.489672 0.001333
23.494673 0.000635
23.499674 0.000422
23.504675 0.000894
23.509676 0.001253
23.514677 0.001318
23.519678 0.001893
23.524679 0.002878
23.529680 0.003275
23.534681 0.003475
23.539682 0.004186
23.544683 0.005081
23.549684 0.005713
23.554685 0.005692
23.559686 0.006156
23.564687 0.006974
23.569688 0.007252
23.574689 0.007455
23.579690 0.007586
23.584691 0.008251
23.589692 0.008727
23.594693 0.008788
23.599694 0.009300
23.604695 0.009646
23.609696 0.010047
23.614697 0.009998
23.619698 0.009898
23.624699 0.010569
23.629700 0.010593
23.634701 0.010083
23.639702 0.010025
23.644703 0.009753
23.649704 0.009105
23.654705 0.008315
23.659706 0.007378
23.664707 0.006860
23.669708 0.005949
23.674709 0.004455
23.679710 0.003583
23.684711 0.003064
23.689712 0.002717
23.694713 0.001900
23.699714 0.000889
23.704715 0.001039
23.709716 0.000526
23.714717 -0.000631
23.719718 -0.000943
23.724719 -0.001309
23.729720 -0.001946
23.734721 -0.002991
23.739722 -0.003822
23.744722 -0.004058
23.749723 -0.004913
23.754724 -0.006333
23.759725 -0.007129
23.764726 -0.007539
23.769727 -0.008220
23.774728 -0.009115
23.779729 -0.009951
23.784730 -0.009902
23.789731 -0.010227
23.794732 -0.010835
23.799733 -0.010846
23.804734 -0.010741
23.809735 -0.010321
23.814736 -0.010576
23.819737 -0.010339
23.824738 -0.009652
23.829739 -0.009885
23.834740 -0.010110
23.839741 -0.010216
23.844742 -0.010128
23.849743 -0.010117
23.854744 -0.010431
23.859745 -0.010693
23.864746 -0.010232
23.869747 -0.009624
23.874748 -0.009482
23.879749 -0.008735
23.884750 -0.007862
23.889751 -0.007167
23.894752 -0.006780
23.899753 -0.006316
23.904754 -0.005307
23.909755 -0.004605
23.914756 -0.004385
23.919757 -0.004129
23.924758 -0.003531
23.929759 -0.003271
23.934760 -0.003400
23.939761 -0.003340
23.944762 -0.002647
23.949763 -0.002227
23.954764 -0.002401
23.959765 -0.001840
23.964766 -0.000986
23.969767 0.000137
23.974768 0.000930
23.979769 0.001993
23.984770 0.004020
23.989771 0.005294
23.994772 0.006423
23.999773 0.007518
24.004774 0.008747
24.009775 0.009581
24.014776 0.009470
24.019777 0.009727
24.024778 0.009771
24.029779 0.009407
24.034780 0.008222
24.039781 0.007337
24.044782 0.007174
24.049783 0.006309
24.054784 0.005264
24.059785 0.004545
24.064786 0.004580
24.069787 0.004494
24.074788 0.003810
24.079789 0.003509
24.084790 0.003722
24.089791 0.003791
24.094792 0.003447
24.099793 0.003640
24.104794 0.004293
24.109795 0.004941
24.114796 0.005317
24.119797 0.005806
24.124798 0.006852
24.129799 0.007509
24.134800 0.007682
24.139801 0.007992
24.144802 0.008553
24.149803 0.008546
24.154804 0.007680
24.159805 0.007223
24.164806 0.006814
24.169807 0.005606
24.174808 0.004215
24.179809 0.002853
24.184810 0.001697
24.189811 0.000646
24.194812 -0.000716
24.199813 -0.001801
24.204814 -0.002121
24.209815 -0.002815
24.214816 -0.003824
24.219817 -0.003800
24.224818 -0.003257
24.229819 -0.002934
24.234820 -0.003027
24.239821 -0.002670
24.244822 -0.001818
24.249823 -0.001170
24.254824 -0.000712
24.259825 -0.000375
24.264826 0.000983
24.269827 0.001883
24.274828 0.001807
24.279829 0.002293
24.284830 0.003299
24.289831 0.003792
24.294832 0.003480
24.299833 0.003401
24.304834 0.003446
24.309835 0.002988
24.314836 0.001528
24.319837 0.000076
24.324838 -0.001166
24.329839 -0.002980
24.334840 -0.004804
24.339841 -0.006524
24.344842 -0.007697
24.349843 -0.008739
24.354844 -0.009922
24.359845 -0.010688
24.364846 -0.010525
24.369847 -0.009944
24.374848 -0.009945
24.379849 -0.009540
24.384850 -0.008444
24.389851 -0.007478
24.394852 -0.006790
24.399853 -0.006053
24.404854 -0.005058
24.409855 -0.004241
24.414856 -0.003793
24.419857 -0.003171
24.424858 -0.002399
24.429859 -0.001833
24.434860 -0.001495
24.439861 -0.001457
24.444862 -0.001078
24.449863 -0.000829
24.454864 -0.001268
24.459865 -0.001434
24.464866 -0.001057
24.469867 -0.000863
24.474868 -0.001146
24.479869 -0.001177
24.484870 -0.000638
24.489871 -0.000321
24.494872 -0.000628
24.499873 -0.000389
24.504874 0.000285
24.509875 0.000250
24.514876 0.000081
24.519877 -0.000033
24.524878 0.000153
24.529879 0.000692
24.534880 0.000409
24.539881 0.000500
24.544882 0.001398
24.549883 0.001772
24.554884 0.001839
24.559885 0.001776
24.564886 0.002200
24.569887 0.002362
24.574888 0.001935
24.579889 0.001807
24.584890 0.001835
24.589891 0.002295
24.594892 0.002213
24.599893 0.002384
24.604894 0.003502
24.609895 0.004149
24.614896 0.004616
24.619897 0.005077
24.624898 0.005961
24.629899 0.006918
24.634900 0.006887
24.639901 0.007248
24.644902 0.008208
24.649903 0.008530
24.654904 0.008491
24.659905 0.008683
24.664906 0.009252
24.669907 0.009405
24.674907 0.008821
24.679908 0.008267
24.684909 0.008043
24.689910 0.007674
24.694911 0.006831
24.699912 0.006595
24.704913 0.006602
24.709914 0.006290
24.714915 0.006002
24.719916 0.005650
24.724917 0.006192
24.729918 0.006514
24.734919 0.005797
24.739920 0.005321
24.744921 0.004852
24.749922 0.003860
24.754923 0.002239
24.759924 0.000358
24.764925 -0.001159
24.769926 -0.002825
24.774927 -0.004743
24.779928 -0.006283
24.784929 -0.007505
24.789930 -0.008557
24.794931 -0.009553
24.799932 -0.010237
24.804933 -0.010504
24.809934 -0.010573
24.814935 -0.010981
24.819936 -0.011292
24.824937 -0.010797
24.829938 -0.010313
24.834939 -0.010267
24.839940 -0.010273
24.844941 -0.009615
24.849942 -0.009360
24.854943 -0.009383
24.859944 -0.009032
24.864945 -0.008401
24.869946 -0.007739
24.874947 -0.007631
24.879948 -0.006887
24.884949 -0.005619
24.889950 -0.004882
24.894951 -0.004411
24.899952 -0.003448
24.904953 -0.002459
24.909954 -0.001770
24.914955 -0.001259
24.919956 -0.000844
24.924957 -0.000153
24.929958 -0.000079
24.934959 -0.000477
24.939960 -0.000883
24.944961 -0.001010
24.949962 -0.001142
24.954963 -0.001884
24.959964 -0.002197
24.964965 -0.002001
24.969966 -0.002158
24.974967 -0.002437
24.979968 -0.002911
24.984969 -0.003108
24.989970 -0.002974
24.994971 -0.003572
24.999972 -0.003873
25.004973 -0.003589
25.009974 -0.003416
25.014975 -0.003298
25.019976 -0.002616
25.024977 -0.001327
25.029978 -0.000194
25.034979 0.000690
25.039980 0.001893
25.044981 0.003664
25.049982 0.005020
25.054983 0.005665
25.059984 0.006420
25.064985 0.007354
25.069986 0.007741
25.074987 0.007335
25.079988 0.007041
25.084989 0.006977
25.089990 0.006344
25.094991 0.005536
25.099992 0.004941
25.104993 0.004200
25.109994 0.003923
25.114995 0.003503
25.119996 0.002733
25.124997 0.002904
25.129998 0.002875
25.134999 0.002222
25.140000 0.001888
